              0               0               0       -2692.308
  -0.0005075051     0.007068087          1.0592        171.6983
  -6.391576e-07     -0.00412739       -0.429059        52.68967
       580.0986        610.6301
  -2.010353e-27    7.350966e-25               1       -2692.308
   -1.03162e-08    2.393728e-06      0.03071972         196.182
  -1.646391e-08    1.769439e-05      0.01759838        35.72422
      -2692.308       -2115.385
              0               0               0       -2115.385
  -0.0004172696     0.006560102        1.082076        184.7903
  -2.689191e-05    -0.003336999      -0.3622893        65.53475
       637.5393         671.094
  -2.010353e-27    7.350966e-25               1       -2692.308
  -5.542036e-09   -3.706623e-07      0.02475114        171.6983
  -1.555965e-08     1.61414e-05      0.01813134        52.68967
      -2692.308       -2115.385
