              0               0               0       -711.5385
   2.076437e-05    -0.003093612      -0.6920826        114.0251
  -1.535749e-05     0.003274395      -0.7244595       -18.40168
       384.2628        401.0106
  -4.461828e-23    4.351327e-21               1       -711.5385
  -1.843986e-06    0.0002592747      0.09799823        101.6641
  -4.007805e-06     0.001277807     -0.08151866       -29.68846
      -711.5385       -557.6923
              0               0               0       -557.6923
  -2.792086e-06    -0.004069428      -0.2212421        121.2932
   1.130892e-05     0.001034458      -0.9766045       -9.873033
       409.4126        426.9055
  -4.461828e-23    4.351327e-21               1       -711.5385
  -1.259795e-06    0.0002554352      0.03776272        114.0251
  -4.142725e-06      0.00117974     -0.02800958       -18.40168
      -711.5385       -557.6923
