              0               0               0       -307.6923
  -1.252098e-05     0.003346624       0.7014344       -58.55293
  -7.417526e-06    -0.003298682       0.7128733        105.6338
       86.41335         103.696
  -2.352002e-22    4.979552e-20               1       -307.6923
   3.362624e-07    -0.000259952      0.05202411        -45.4953
   1.138005e-07   -0.0001306799      0.02291748        116.9306
      -307.6923               0
              0               0               0               0
  -1.375348e-05     0.003301773       0.7087424       -57.27415
  -5.466216e-06    -0.003301983       0.7049115        103.8968
       85.22061        102.2647
  -2.352002e-22    4.979552e-20               1       -307.6923
   2.080122e-07   -0.0001716694      0.03728392       -58.55293
   2.543576e-07   -0.0002364069      0.04301422        105.6338
      -307.6923               0
