              0               0               0        1538.462
   4.874679e-06   -0.0004090874        1.007691       -81.61908
   2.880981e-06   -0.0009698644      0.06683753        102.7538
       110.3434        147.1246
  -3.610124e-25    4.927898e-22               1        1538.462
  -8.288001e-09    2.190468e-05      -0.0159445       -44.86593
  -1.410616e-09    1.003316e-05     -0.03070788        104.0434
       1538.462        2115.385
              0               0               0        2115.385
   5.173821e-06    -0.000294629       0.9900572       -81.65606
   4.369929e-06    -0.001120266       0.1987065        83.79579
       101.2892        135.0523
  -3.610124e-25    4.927898e-22               1        1538.462
  -7.789449e-09    2.114062e-05    -0.009667958       -81.61908
  -3.759324e-09    1.816773e-05     -0.04209063        102.7538
       1538.462        2115.385
