              0               0               0       -711.5385
   2.855033e-06    -0.001340517      -0.9096356        73.26337
   1.546431e-05     0.002957976      -0.4165315       -47.26218
       434.5061        451.2538
  -4.461828e-23    4.351327e-21               1       -711.5385
  -2.839297e-06    0.0001944892       0.2214592        57.66644
   -2.50504e-06     0.001254704      -0.2346725       -53.33583
      -711.5385       -557.6923
              0               0               0       -557.6923
   1.184701e-05    -0.003729587      -0.6453692        98.36878
   1.071878e-05     0.003140214      -0.7638851       -56.51957
       461.8912        479.3841
  -4.461828e-23    4.351327e-21               1       -711.5385
  -2.676795e-06    0.0002403719       0.1895609        73.26337
   -3.14838e-06     0.001310245      -0.1872313       -47.26218
      -711.5385       -557.6923
