              0               0               0        4423.077
   1.330018e-05   -0.0003138972       0.9560017       -49.55125
   7.468867e-06    -0.001655017       0.3269787        54.83579
       65.04537        86.72716
  -1.362311e-27    6.195073e-40               1        4423.077
   1.624165e-09    7.663316e-07     0.009948923       -28.83543
  -3.694586e-09    -9.57384e-07      -0.0073917        61.22338
       4423.077            5000
              0               0               0            5000
   1.467567e-05   -0.0002383809       0.9512989         -40.299
   1.888667e-05    -0.002168704       0.3396494        50.22345
       56.00097        74.66797
  -1.362311e-27    6.195073e-40               1        4423.077
   1.625885e-09    7.033246e-07      0.01509031       -49.55125
  -3.472904e-09   -6.755178e-07    -0.006449082        54.83579
       4423.077            5000
