              0               0               0        3846.154
   5.955376e-06   -0.0004610295      -0.9623378        306.5349
  -1.982218e-05     0.001623465      -0.2706281        12.25319
      -446.1903       -421.4019
  -1.362311e-27    2.357846e-24               1        3846.154
   6.177555e-09   -8.669548e-06     -0.05465295        282.4875
  -3.051075e-08    4.041573e-05     0.008008355        6.240408
       3846.154        4423.077
              0               0               0        4423.077
   1.788054e-06   -0.0001372047        -0.97722        270.4591
  -8.265637e-06    0.0006411725      -0.2119066        22.82465
      -389.6729       -368.0244
  -1.362311e-27    2.357846e-24               1        3846.154
   5.405078e-09   -7.553638e-06     -0.05997241        306.5349
  -2.451599e-08    3.192812e-05     0.008063702        12.25319
       3846.154        4423.077
