              0               0               0        4423.077
    1.46905e-07    0.0001133727       0.9788427        205.2462
   2.336932e-06    0.0005334336      -0.2046646        43.74336
       325.2268        346.9086
  -1.362311e-27    6.195073e-40               1        4423.077
   3.081827e-10    1.315759e-07     -0.05038242         226.524
    3.56337e-10   -1.404658e-06     0.002008732        39.58045
       4423.077            5000
              0               0               0            5000
  -9.533923e-09    0.0001297991       0.9815875        179.1918
   2.112245e-06     0.000659064      -0.1910297        43.66279
       280.0049        298.6719
  -1.362311e-27    6.195073e-40               1        4423.077
   4.516371e-10    2.102661e-07      -0.0454326        205.2462
   6.992435e-10   -1.144183e-06    0.0002877103        43.74336
       4423.077            5000
