              0               0               0        865.3846
   9.357312e-07    1.790692e-05       0.9658936        135.5102
   3.836999e-06    6.222852e-05      -0.2589559        55.76682
       274.3343        293.9296
   1.528862e-22   -5.598364e-20               1        865.3846
  -8.256101e-07    0.0003328429        0.453896        154.4511
  -5.110927e-06     0.001215351      -0.2523331        50.74527
       865.3846        1019.231
              0               0               0        1019.231
      5.027e-07    0.0001145569        0.938997        204.1235
   1.717292e-06    0.0003122124       -0.343914        30.96165
       371.8305        398.3899
   1.528862e-22   -5.598364e-20               1        865.3846
  -7.201624e-07    0.0003201908       0.4137717        135.5102
  -5.659131e-06     0.001527529      -0.2622941        55.76682
       865.3846        1019.231
