              0               0               0       -557.6923
    1.78139e-06     0.004455131      -0.3189567       -71.07247
  -1.433161e-05     0.001493927       0.9481249       -25.70017
       671.8058        689.2987
   8.804966e-23   -1.624172e-20               1       -557.6923
   1.648203e-06   -0.0008648369      0.06072376       -75.27913
  -2.099297e-06     0.001117381     -0.07280965       -8.734309
      -557.6923       -307.6923
              0               0               0       -307.6923
   2.024644e-05     0.003743906      -0.2931217       -84.55456
  -9.060213e-06     0.001163227       0.9562515       -6.726684
       656.6958        673.9759
   8.804966e-23   -1.624172e-20               1       -557.6923
   1.531832e-06   -0.0007953402      0.04916719       -71.07247
  -2.134584e-06     0.001135731     -0.07462726       -25.70017
      -557.6923       -307.6923
