              0               0               0       -865.3846
   -0.001051137      0.01025309        1.045203        153.7987
   5.461359e-05    -0.006614435      -0.4769355        40.25717
        406.179        427.5568
   1.194898e-23   -1.163587e-21               1       -865.3846
      1.897e-06   -0.0003228411       -0.204106        170.5591
   5.630933e-07    0.0004977027      -0.1083601        27.57202
      -865.3846       -711.5385
              0               0               0       -711.5385
  -0.0005361299   -0.0004502745       0.4661889        133.2618
   6.054288e-05    -0.003092746      -0.9125832        40.55323
       317.3186        334.0196
   1.194898e-23   -1.163587e-21               1       -865.3846
   6.870091e-07   -6.946501e-05      -0.1390634        153.7987
   3.791836e-08    0.0006705245      -0.1021307        40.25717
      -865.3846       -711.5385
