              0               0               0       -2692.308
    6.16834e-06   -0.0003105977       0.9762007        84.15033
  -5.561411e-06   -0.0007459172      -0.2044953        79.21083
       488.5041        519.0356
  -2.010353e-27    7.350966e-25               1       -2692.308
   3.012198e-09   -4.366984e-06      0.01218664        113.8412
  -1.041859e-08    1.070669e-05       0.0159602        72.11368
      -2692.308       -2115.385
              0               0               0       -2115.385
   5.315806e-06   -0.0002382782       0.9870445        86.94436
   -4.14906e-06   -0.0007007505      -0.1433569        88.64052
       536.8752        570.4299
  -2.010353e-27    7.350966e-25               1       -2692.308
   7.030955e-09   -6.178142e-06     0.006067113        84.15033
   -7.31205e-09    7.529407e-06      0.01443465        79.21083
      -2692.308       -2115.385
