              0               0               0        1538.462
  -6.751998e-07    0.0002510986       0.9188503        397.4016
  -9.009576e-07    0.0005773154      -0.3945778       -59.11278
       625.2794        662.0606
  -3.610124e-25    4.927898e-22               1        1538.462
   2.488384e-09   -1.756528e-05     -0.03415122         431.504
   1.774935e-08   -7.855863e-05       0.1410064       -72.88961
       1538.462        2115.385
              0               0               0        2115.385
  -5.875059e-07    0.0001855328       0.9626113        373.7432
  -8.346245e-07    0.0006452678       -0.270885       -5.836462
       573.9724        607.7355
  -3.610124e-25    4.927898e-22               1        1538.462
   3.067291e-09   -1.643053e-05     -0.03254961        397.4016
   1.746592e-08   -7.364154e-05       0.1290178       -59.11278
       1538.462        2115.385
