              0               0               0        1173.077
   3.174061e-06   -0.0004374928        0.890134        149.9802
   6.211425e-06   -0.0008294879      -0.4557883        57.11261
       336.7897        370.4686
   2.578164e-24   -2.333275e-21               1        1173.077
   7.222875e-07   -0.0007858275       0.2509156         179.584
  -4.918774e-07    0.0004991469      -0.1129025        41.05855
       1173.077        1538.462
              0               0               0        1538.462
   2.276096e-06   -0.0003708154       0.8961984        169.0112
   4.594776e-06   -0.0007237688      -0.4438044        59.52466
       367.8114        404.5926
   2.578164e-24   -2.333275e-21               1        1173.077
   6.771836e-07   -0.0007320011       0.2291388        149.9802
   -3.59179e-07    0.0003600567     -0.07700526        57.11261
       1173.077        1538.462
