              0               0               0        3846.154
   5.641599e-07    4.588646e-05       0.9664583        183.5499
   2.328728e-06    0.0001720513      -0.2568406        55.04361
       320.8997        345.5843
  -1.362311e-27    2.357846e-24               1        3846.154
   6.294183e-10   -7.794152e-07     -0.04026704        207.4429
    1.16345e-09   -2.832838e-06    0.0004987946        48.84346
       3846.154        4423.077
              0               0               0        4423.077
   6.583639e-07    5.142525e-05       0.9711826        162.9855
   3.053386e-06    0.0002080069      -0.2383727        53.45119
       281.8633        303.5451
  -1.362311e-27    2.357846e-24               1        3846.154
   8.215051e-10   -1.008127e-06     -0.03533666        183.5499
   1.642853e-09    -3.34725e-06     -0.00137588        55.04361
       3846.154        4423.077
