              0               0               0           -5000
   -6.69911e-06   -0.0002717124       0.9741463        42.95078
   3.067829e-06    -0.001447454      -0.2291619        60.29753
       276.9715        295.4363
   2.831483e-29   -4.900644e-26               1           -5000
   9.581731e-10   -2.389788e-06      0.01210656        60.80335
   3.203428e-09   -6.216174e-06      0.01163069        55.59192
          -5000       -4423.077
              0               0               0       -4423.077
  -4.237345e-06   -0.0002343301       0.9770206        46.33753
   4.481306e-06     -0.00130389      -0.2166378        66.05938
       322.2415        343.7243
   2.831483e-29   -4.900644e-26               1           -5000
   8.320934e-10   -2.175652e-06     0.006848593        42.95078
   2.984443e-09   -5.954131e-06      0.01242893        60.29753
          -5000       -4423.077
