              0               0               0        3269.231
   6.531093e-07   -6.136779e-06       0.9617119        177.1953
   2.347557e-06   -2.402799e-05       -0.274031        62.19219
       332.6405        360.3605
   6.811555e-27   -9.431384e-24               1        3269.231
  -1.366111e-09    1.356296e-06     -0.03553753        203.8632
   4.983875e-10   -4.209844e-06     0.002983982        54.62758
       3269.231        3846.154
              0               0               0        3846.154
   7.108136e-07    -6.75198e-06       0.9654922        159.7105
   2.702323e-06   -2.806599e-05      -0.2603948         61.4478
       296.2151        320.8997
   6.811555e-27   -9.431384e-24               1        3269.231
  -1.743707e-09     1.80279e-06     -0.03076667        177.1953
  -4.652192e-10   -2.962277e-06    0.0005735773        62.19219
       3269.231        3846.154
