              0               0               0       -3846.154
    7.00246e-07    0.0001269158      -0.9968588        -72.2441
  -7.227458e-06     0.001666022      0.07697504       -22.67558
       735.3317        759.8872
  -1.415742e-28    4.900644e-26               1       -3846.154
  -1.544287e-09      3.0393e-06     -0.02340307       -96.63562
  -3.358224e-08    3.320415e-05     -0.01059935       -19.88786
      -3846.154       -3269.231
              0               0               0       -3269.231
  -1.151715e-06    0.0001867345      -0.9935702       -82.24216
   -1.34056e-05     0.001582511       0.1113892       -25.37655
       824.9574        852.4313
  -1.415742e-28    4.900644e-26               1       -3846.154
  -2.261322e-10    1.601903e-06     -0.01817888        -72.2441
  -2.668807e-08    2.655678e-05     -0.01112004       -22.67558
      -3846.154       -3269.231
