              0               0               0       -865.3846
  -3.400056e-08   -5.249551e-06      -0.9812671       -75.10516
  -3.038586e-07   -1.929632e-05       0.1924561       -4.865252
       683.7578        705.1079
   1.194898e-23   -1.163587e-21               1       -865.3846
   -2.41819e-06    0.0003821871         0.35905       -96.05803
   7.087833e-06    -0.002620732     -0.07384145      -0.7680516
      -865.3846       -711.5385
              0               0               0       -711.5385
    2.17609e-06    0.0009293428      -0.9588678       -24.79115
  -9.840449e-06     0.003057992       0.2840208        -53.9165
       534.9926        551.7403
   1.194898e-23   -1.163587e-21               1       -865.3846
  -1.946024e-06    0.0003850074       0.3138689       -75.10516
   7.365739e-06     -0.00264068     -0.08691174       -4.865252
      -865.3846       -711.5385
