              0               0               0        711.5385
   5.201413e-06     0.001893292       0.8374955       -42.15194
  -3.345049e-05    -0.002861937       0.5472243        109.3495
       101.1033        117.9538
  -5.749011e-22    2.093553e-19               1        711.5385
  -2.778829e-06    0.0009099205       0.1093037       -27.47721
   6.650779e-06    -0.001092351       -0.261984        117.5978
       711.5385        865.3846
              0               0               0        865.3846
  -1.290071e-06    0.0003835808       0.9793973       -18.57248
  -1.011359e-05    -0.001802239       0.2006794        72.49158
       117.5718        137.1671
  -5.749011e-22    2.093553e-19               1        711.5385
  -2.738491e-06    0.0008282747      0.09065596       -42.15194
   5.952908e-06   -0.0008975258      -0.2423927        109.3495
       711.5385        865.3846
