              0               0               0       -3846.154
   6.121728e-07   -8.989259e-05       0.9702556       -167.1244
   -2.53967e-06     0.000356438       0.2420849        48.79639
       146.9329        171.4217
  -1.415742e-28    4.900644e-26               1       -3846.154
   1.067225e-09   -6.939815e-08     -0.03566788       -143.4089
   2.014572e-09   -3.754656e-06     0.001112105        54.90122
      -3846.154       -3269.231
              0               0               0       -3269.231
   4.615322e-07   -8.384752e-05       0.9668751       -190.3505
  -1.853394e-06    0.0003158112       0.2552364        47.45774
       165.0656        192.5765
  -1.415742e-28    4.900644e-26               1       -3846.154
   1.439815e-09   -2.443339e-07     -0.04059681       -167.1244
   1.461571e-09   -3.472261e-06   -0.0008035636        48.79639
      -3846.154       -3269.231
