              0               0               0        1173.077
  -7.910651e-07    0.0002829839       0.9132496        357.5955
  -9.943715e-07    0.0006279972      -0.4074086       -54.38472
       572.5424        606.2214
   2.578164e-24   -2.333275e-21               1        1173.077
   1.086359e-06    -0.001208382       0.4137911        388.6436
  -1.383074e-06     0.001437503      -0.3555311       -67.43149
       1173.077        1538.462
              0               0               0        1538.462
  -6.751998e-07    0.0002510986       0.9188503        397.4016
  -9.009576e-07    0.0005773154      -0.3945778       -59.11278
       625.2794        662.0606
   2.578164e-24   -2.333275e-21               1        1173.077
   1.014854e-06    -0.001128866       0.3859242        357.5955
  -1.264852e-06     0.001312831      -0.3237629       -54.38472
       1173.077        1538.462
