              0               0               0       -3269.231
   3.736663e-06   -0.0003820741      -0.9756893         81.6464
  -2.775952e-06     0.001001582      -0.2065567       -14.55067
       660.1141         687.588
   5.379818e-28   -1.960258e-25               1       -3269.231
   1.305944e-09    1.496526e-06     0.008267105        54.62952
   3.924282e-09   -3.273395e-06    -0.005993134       -19.52714
      -3269.231       -2692.308
              0               0               0       -2692.308
    2.88051e-06   -0.0003592455      -0.9687935        89.93303
  -1.317103e-06    0.0008414155      -0.2369249       -16.84282
        732.567        763.0512
   5.379818e-28   -1.960258e-25               1       -3269.231
   1.537374e-09    1.323115e-06      0.01308846         81.6464
   4.619757e-09    -1.65021e-06    -0.004558661       -14.55067
      -3269.231       -2692.308
