              0               0               0        865.3846
   -0.001135493      0.05759685      0.02704024       -123.6961
  -7.616988e-05    -0.002212054       0.7389596        24.35563
              0         19.5953
   1.528862e-22   -5.598364e-20               1        865.3846
   2.123978e-07    3.365093e-06       -0.139146        -109.594
  -1.157115e-06    0.0007480433      0.06524168        37.41328
       865.3846        1019.231
              0               0               0        1019.231
  -0.0006715101      0.04504593       0.1130495       -152.3451
   4.340925e-05    -0.007663004       0.6765275        47.56628
              0        26.55932
   1.528862e-22   -5.598364e-20               1        865.3846
  -4.473891e-07    0.0002178685      -0.2091482       -123.6961
   -5.27404e-07    0.0005518115      0.07845808        24.35563
       865.3846        1019.231
