              0               0               0        557.6923
  -3.313083e-06     0.004223267      -0.3981543         -75.718
   -1.09708e-05     0.001745858       0.9171186       -31.95229
      -78.88967       -59.16726
   2.146718e-21   -7.814377e-19               1        557.6923
  -4.902284e-07    0.0002180123      0.01101094       -81.95325
   3.473773e-06   -0.0005671439     -0.04505424       -13.26956
       557.6923        711.5385
              0               0               0        711.5385
   1.106434e-05     0.003351079      -0.6677994       -66.62624
  -8.059642e-06     0.003001536       0.7448463       -34.35505
      -67.47333         -50.605
   2.146718e-21   -7.814377e-19               1        557.6923
  -4.692552e-07    0.0003484381      0.01659721         -75.718
    3.34314e-06   -0.0003709111     -0.03768224       -31.95229
       557.6923        711.5385
