              0               0               0        865.3846
  -4.598706e-06    7.834979e-06      -0.9483594        231.8366
   1.541688e-05   -4.355989e-05      -0.3173596        26.00397
      -372.2536       -352.6613
   1.528862e-22   -5.598364e-20               1        865.3846
   3.568434e-07   -0.0001957806        0.619927        213.2244
   1.929833e-06    -0.001967008      0.04336316        19.88539
       865.3846        1019.231
              0               0               0        1019.231
  -8.588498e-07    1.332243e-05      -0.9950891         331.656
   1.033404e-05   -0.0001856742     -0.09810202       -10.43342
      -503.8077       -477.2916
   1.528862e-22   -5.598364e-20               1        865.3846
   9.625754e-07   -0.0004103264       0.6891705        231.8366
   1.063921e-06    -0.001687314    -0.002437835        26.00397
       865.3846        1019.231
