              0               0               0       -2692.308
   3.656648e-08   -1.012559e-05      -0.9905222       -242.4032
   2.077123e-07   -7.254053e-05       0.1373713       -13.87064
       1067.893        1098.378
  -2.010353e-27    7.350966e-25               1       -2692.308
    3.13563e-08   -6.742331e-06     -0.05113027       -272.6068
    3.16636e-08   -2.555518e-05     -0.03654671       -9.744514
      -2692.308       -2115.385
              0               0               0       -2115.385
   2.391782e-08   -5.370001e-06      -0.9971368       -264.9184
    2.28685e-07   -6.981441e-05      0.07564657       -35.71924
         1173.6        1207.101
  -2.010353e-27    7.350966e-25               1       -2692.308
   2.778675e-08   -5.298889e-06     -0.04521795       -242.4032
   2.775541e-08   -2.171251e-05     -0.03458257       -13.87064
      -2692.308       -2115.385
