              0               0               0       -557.6923
   2.192428e-05     0.003084534      -0.7513213        -42.4636
  -2.926091e-06     0.003555888        0.659586       -68.95271
       619.3272        636.8201
   8.804966e-23   -1.624172e-20               1       -557.6923
   1.479932e-06   -0.0007555806      0.03689411       -54.54515
   -2.24469e-06     0.001200035     -0.08478958       -56.34221
      -557.6923       -307.6923
              0               0               0       -307.6923
   1.106975e-05     0.003121592      -0.6998705       -58.31685
  -5.198279e-06     0.003004205       0.7137296       -50.81425
       604.8554        622.1355
   8.804966e-23   -1.624172e-20               1       -557.6923
   1.547943e-06    -0.000789612      0.03724358        -42.4636
  -2.274922e-06     0.001220351     -0.09035143       -68.95271
      -557.6923       -307.6923
