              0               0               0       -3846.154
  -1.001452e-05    0.0003498221      -0.9764091        98.19443
  -5.132712e-06     0.001375551       -0.257147         -6.1619
       563.4428        587.9984
  -1.415742e-28    4.900644e-26               1       -3846.154
   1.327598e-09   -9.746509e-07      0.01288742        74.28083
  -3.890518e-09     5.08338e-06    -0.006539336       -11.72286
      -3846.154       -3269.231
              0               0               0       -3269.231
  -8.375883e-06    0.0003082801      -0.9736619        108.3377
  -2.909338e-06     0.001241375      -0.2681795       -8.059411
       632.6402        660.1141
  -1.415742e-28    4.900644e-26               1       -3846.154
    1.43707e-09   -1.286813e-06      0.01784571        98.19443
  -2.724647e-09    4.077978e-06    -0.004734826         -6.1619
      -3846.154       -3269.231
