              0               0               0       -1019.231
  -1.085915e-08   -2.157339e-06      -0.9987429       -117.9016
   -6.70697e-07   -1.417147e-05      0.04955854       -35.26865
       905.5984        933.8671
   -3.17765e-24    3.030207e-22               1       -1019.231
   1.067224e-06    -0.000110378       0.3172332       -146.1368
  -4.817695e-06   -0.0003971801       0.3904526       -33.89417
      -1019.231       -865.3846
              0               0               0       -865.3846
  -3.400056e-08   -5.249551e-06      -0.9812671       -75.10516
  -3.038586e-07   -1.929632e-05       0.1924561       -4.865252
       683.7578        705.1079
   -3.17765e-24    3.030207e-22               1       -1019.231
   9.945583e-07   -7.401954e-05       0.2660246       -117.9016
  -5.142864e-06   -0.0002670501       0.3604313       -35.26865
      -1019.231       -865.3846
