              0               0               0        2115.385
  -6.189056e-09    0.0001271923       0.9435063        309.4311
    3.10637e-07    0.0003606974      -0.3313306        14.71246
       506.4462        540.2093
   9.672408e-26   -1.320394e-22               1        2115.385
   5.412864e-09    -9.10199e-06     -0.04515042        341.4315
   1.388752e-08   -3.932112e-05      0.05475316        3.948844
       2115.385        2692.308
              0               0               0        2692.308
   1.805156e-07    0.0001020443       0.9631048        283.6863
   1.187066e-06    0.0003629073       -0.269129        33.01173
       461.0899        491.8292
   9.672408e-26   -1.320394e-22               1        2115.385
   4.437595e-09   -7.111937e-06     -0.04199839        309.4311
   1.229833e-08   -3.523832e-05      0.04795517        14.71246
       2115.385        2692.308
