              0               0               0        307.6923
   1.196007e-05   -0.0006536744      -0.9880361        36.10015
   8.290484e-06     0.004322966      -0.1558691       -78.98631
      -186.6783       -169.7075
  -1.867855e-21    6.194539e-19               1        307.6923
  -8.025886e-08    2.546944e-05     -0.00953276        19.20263
   1.089653e-06   -0.0003053666     -0.04725529       -80.34596
       307.6923        557.6923
              0               0               0        557.6923
   1.707014e-05   -0.0009960669      -0.9810406        36.76222
   -1.01073e-05     0.005313099      -0.1903714       -92.45389
      -216.9466       -197.2242
  -1.867855e-21    6.194539e-19               1        307.6923
  -3.976487e-07     9.74741e-05     0.003132792        36.10015
   1.019571e-06   -0.0002871326     -0.04581037       -78.98631
       307.6923        557.6923
