              0               0               0        307.6923
   3.465371e-05     0.004218308      -0.1716317       -88.07166
  -1.494023e-05     0.000788535       0.9859953        10.49757
      -16.97075               0
  -1.867855e-21    6.194539e-19               1        307.6923
  -4.069399e-07    0.0001239652       0.0128557        -89.6001
  -1.881627e-06    0.0004163915       0.0864898        27.38473
       307.6923        557.6923
              0               0               0        557.6923
   0.0001633845    -0.004595416     -0.00258863       -84.41164
   2.436479e-06   -7.478411e-05       0.9992153        25.93467
      -19.72242               0
  -1.867855e-21    6.194539e-19               1        307.6923
  -3.732638e-07    0.0001107845      0.01027292       -88.07166
  -1.619744e-06    0.0003519538      0.07499399        10.49757
       307.6923        557.6923
