              0               0               0       -307.6923
  -1.730615e-05     0.004641063       -0.438015       -78.28214
  -1.997858e-05     0.002198924       0.8981531       -22.80041
       639.4156        656.6958
  -2.352002e-22    4.979552e-20               1       -307.6923
  -4.840867e-07    0.0003535338     -0.06128442       -84.55456
    5.50117e-07    -0.000465207       0.0930037       -6.726684
      -307.6923               0
              0               0               0               0
   5.637243e-06     0.004138373      -0.4596343       -77.43796
  -1.377738e-05     0.002146863       0.8885343       -21.82942
       630.6596        647.7053
  -2.352002e-22    4.979552e-20               1       -307.6923
  -4.576539e-07     0.000349567      -0.0614873       -78.28214
   5.838084e-07   -0.0004747325      0.09395543       -22.80041
      -307.6923               0
