              0               0               0       -4423.077
   4.951219e-07   -0.0001210192       0.9790401        -164.772
  -3.052664e-06    0.0005793681       0.2036199        43.77003
       107.4138        128.8966
   2.831483e-29     1.28761e-41               1       -4423.077
   3.103866e-11   -2.980546e-07     -0.04028389       -143.7905
  -1.443533e-09   -9.738383e-07     0.001761494        48.38146
      -4423.077       -3846.154
              0               0               0       -3846.154
   3.324659e-07   -0.0001143177       0.9752565       -190.9436
  -2.003842e-06    0.0005036531       0.2210223         43.1112
        122.444        146.9329
   2.831483e-29     1.28761e-41               1       -4423.077
  -1.149194e-10   -2.120136e-07     -0.04520354        -164.772
  -1.136416e-09   -1.241167e-06   -4.766597e-05        43.77003
      -4423.077       -3846.154
