              0               0               0       -557.6923
  -1.226854e-05   -0.0002268268        0.999766        23.73657
   1.143654e-06    -0.004805487     -0.02853296        147.0896
       196.3137        214.1604
   8.804966e-23   -1.624172e-20               1       -557.6923
  -1.314178e-06    0.0006780378     -0.04057922        41.43711
   1.889197e-06    -0.001021893      0.08696788        145.0564
      -557.6923       -307.6923
              0               0               0       -307.6923
  -1.248351e-05   -0.0007282169       0.9872162        36.35586
  -4.213089e-06    -0.004182351      -0.1607113        136.4972
       190.1094         207.392
   8.804966e-23   -1.624172e-20               1       -557.6923
  -1.481191e-06    0.0007733452     -0.05028473        23.73657
   1.672072e-06   -0.0009114928      0.08099902        147.0896
      -557.6923       -307.6923
