              0               0               0        557.6923
  -9.736643e-06      0.00410912       0.5729097        -66.0241
  -1.598248e-05    -0.002771147       0.8188534        105.2671
       63.54455        79.43069
   2.146718e-21   -7.814377e-19               1        557.6923
   1.913674e-06   -0.0001650304     -0.01785606        -55.9248
  -1.700219e-07   -0.0006066795     -0.02142835         117.512
       557.6923        711.5385
              0               0               0        711.5385
  -4.078958e-06     0.003335569       0.6439231       -67.38766
  -1.999827e-05    -0.002684077       0.7652039        87.20069
       67.40217        84.25271
   2.146718e-21   -7.814377e-19               1        557.6923
   1.626482e-06   -0.0001960112     -0.01720415        -66.0241
   5.020333e-07   -0.0006638718     -0.02717969        105.2671
       557.6923        711.5385
