              0               0               0       -865.3846
  -2.344313e-06    0.0002732569      -0.9922456       -33.05513
  -2.231091e-05     0.002055802       0.1222128       -12.21405
       641.0577        662.4077
   1.194898e-23   -1.163587e-21               1       -865.3846
  -1.569827e-06    0.0004100245       0.2707062       -54.13792
   7.499391e-06    -0.002602542     -0.09497722       -8.884835
      -865.3846       -711.5385
              0               0               0       -711.5385
   7.409578e-06    0.0002283182      -0.9983734        8.119315
  -8.644286e-06     0.003790609      0.05690142       -59.76317
       501.4971        518.2448
   1.194898e-23   -1.163587e-21               1       -865.3846
  -1.279308e-06    0.0004476704        0.229041       -33.05513
   7.501798e-06    -0.002511868      -0.1001854       -12.21405
      -865.3846       -711.5385
