              0               0               0               0
   1.427437e-05    0.0007244982      -0.9878649        2.436096
   -6.49573e-06     0.004742442        0.153956       -79.61611
       528.3853         545.431
   8.523301e-22   -1.673124e-19               1               0
  -1.804406e-08   -9.371441e-05       0.0303108       -14.12156
  -4.414791e-07    0.0001529838    -0.003443804       -75.64605
              0        307.6923
              0               0               0        307.6923
   1.293805e-05     0.000744311      -0.9880172        2.296621
   -3.70136e-06     0.004569754       0.1561013       -79.02975
      -152.7368        -135.766
   8.523301e-22   -1.673124e-19               1               0
   7.423624e-08   -0.0001154925      0.02805459        2.436096
  -4.810535e-07    0.0001483421     0.001805477       -79.61611
              0        307.6923
