              0               0               0        3846.154
   4.416433e-06    6.521902e-05       -0.987763       -11.61451
   3.798398e-06    0.0007234364       0.1605889       -16.79401
      -123.9417       -99.15339
  -1.362311e-27    2.357846e-24               1        3846.154
   -3.98018e-10    1.641033e-07      0.01286238       -35.99218
  -4.961676e-09    7.180079e-06     0.006443737        -12.3109
       3846.154        4423.077
              0               0               0        4423.077
   5.624918e-06    6.629191e-05      -0.9926613       -7.191905
   3.401313e-06     0.000988345       0.1268834       -10.40083
      -108.2425       -86.59398
  -1.362311e-27    2.357846e-24               1        3846.154
  -1.704197e-10   -1.696433e-07     0.007820448       -11.61451
  -6.764098e-09    9.499964e-06     0.007852124       -16.79401
       3846.154        4423.077
