              0               0               0        711.5385
  -1.025952e-05     -0.00239871       0.7723864        99.24104
   1.331063e-06     -0.00288063      -0.6349638        100.0784
       252.7581        269.6087
  -5.749011e-22    2.093553e-19               1        711.5385
  -2.237373e-06     0.001322675       0.2518741         111.526
   3.561926e-06   -0.0008073038      -0.2375131        88.56735
       711.5385        865.3846
              0               0               0        865.3846
  -8.209811e-07    7.291473e-05       0.9676732        154.4511
  -3.537957e-06      0.00028779      -0.2520972        50.74527
       293.9296        313.5249
  -5.749011e-22    2.093553e-19               1        711.5385
  -1.851566e-06     0.001187412       0.2200107        99.24104
   5.012747e-06    -0.001098224      -0.2703527        100.0784
       711.5385        865.3846
