              0               0               0        2692.308
   9.904204e-05     -0.00691037        1.058396       -134.0239
   4.412043e-05    -0.004055968       0.4252172        53.29955
       30.73933        61.47865
  -2.588391e-26    3.536769e-23               1        2692.308
   4.912554e-10    1.616752e-06      0.01837903       -105.1424
  -3.680685e-09    7.168449e-06     -0.01563894        63.81944
       2692.308        3269.231
              0               0               0        3269.231
   0.0001210613    -0.007590145        1.044858       -119.6165
   5.977258e-05    -0.004831541        0.461624        46.11931
       27.72004        55.44008
  -2.588391e-26    3.536769e-23               1        2692.308
    4.71109e-10    1.022774e-06      0.02422591       -134.0239
  -3.297615e-09    8.393757e-06     -0.01619072        53.29955
       2692.308        3269.231
