              0               0               0        1538.462
  -4.050745e-08    1.056242e-06      -0.9977616        391.8395
  -4.203694e-07   -7.323107e-07      0.06721204         -88.554
      -624.1931       -587.4758
  -3.610124e-25    4.927898e-22               1        1538.462
   3.608511e-09    -2.03418e-05     -0.01825148        355.2039
   7.681518e-09    -5.64376e-05        0.117751       -86.10796
       1538.462        2115.385
              0               0               0        2115.385
   3.494178e-11    2.207922e-06      -0.9979699        372.2301
  -2.068154e-07   -1.749287e-05     -0.06400915       -33.29916
      -572.9763       -539.2718
  -3.610124e-25    4.927898e-22               1        1538.462
   3.252641e-09    -2.02984e-05     -0.02336167        391.8395
   9.906078e-09    -6.41144e-05        0.129467         -88.554
       1538.462        2115.385
