              0               0               0        2692.308
   1.401077e-06   -0.0001116553      -0.9971233        130.6971
  -2.708161e-06      0.00143063     -0.07316445       -35.52874
      -306.8584       -276.1726
  -2.588391e-26    3.536769e-23               1        2692.308
   1.662972e-09   -3.406975e-06    -0.009089292        100.0349
  -1.314821e-08    1.456385e-06      0.01870879         -36.505
       2692.308        3269.231
              0               0               0        3269.231
   1.839789e-06   -0.0001781299       -0.994002        121.5869
  -3.976299e-06     0.001599756      -0.1071138       -25.92797
      -276.7898       -249.1108
  -2.588391e-26    3.536769e-23               1        2692.308
   2.203841e-09   -3.530479e-06     -0.01448785        130.6971
  -1.691623e-08     1.49959e-06      0.02140659       -35.52874
       2692.308        3269.231
