              0               0               0        3269.231
  -0.0001012648     0.002658908      -0.9072477        -96.7968
     8.3596e-05     0.000736186        0.325253       0.1360435
      -55.35796       -27.67898
   6.811555e-27   -9.431384e-24               1        3269.231
   1.345844e-09   -1.001979e-06      0.02694802       -122.0188
   5.387637e-10    2.397832e-06    -0.003332916        11.47543
       3269.231        3846.154
              0               0               0        3846.154
  -0.0001241244     0.002884832      -0.9119855       -83.82235
   0.0001159645    0.0005955764       0.3110601       0.6112057
       -49.5767       -24.78835
   6.811555e-27   -9.431384e-24               1        3269.231
   1.151425e-09   -1.106723e-06       0.0227443        -96.7968
   1.755889e-09    1.093764e-06   -0.0003918335       0.1360435
       3269.231        3846.154
