              0               0               0       -557.6923
  -1.262014e-05     0.003981374       0.6202089       -54.13809
  -6.945193e-06    -0.003221909       0.7834113        110.6514
       107.0802        124.9269
   8.804966e-23   -1.624172e-20               1       -557.6923
  -1.563423e-06    0.0008517059     -0.07099163       -41.87306
   3.904942e-08   -4.987637e-05      0.01986369        123.5671
      -557.6923       -307.6923
              0               0               0       -307.6923
  -1.088433e-05     0.002697436       0.8058919        -45.4953
  -7.647037e-06    -0.003683266       0.5922066        116.9306
        103.696        120.9787
   8.804966e-23   -1.624172e-20               1       -557.6923
  -1.319055e-06    0.0007293393     -0.06532271       -54.13809
  -4.875338e-07    0.0002349704    -0.003155135        110.6514
      -557.6923       -307.6923
