              0               0               0        865.3846
   0.0002132039     -0.00915413         0.97629        -109.594
   0.0001138767    -0.006689769       0.5645257        37.41328
        19.5953        39.19061
   1.528862e-22   -5.598364e-20               1        865.3846
   8.650619e-07   -0.0002187693     -0.06691398       -92.37408
  -1.978721e-06     0.001007359      0.03329398        46.76345
       865.3846        1019.231
              0               0               0        1019.231
   0.0001391555    -0.008458638        1.084783        -130.148
   5.069331e-05    -0.004204243       0.3613414         60.9422
       26.55932        53.11865
   1.528862e-22   -5.598364e-20               1        865.3846
   2.123978e-07    3.365093e-06       -0.139146        -109.594
  -1.157115e-06    0.0007480433      0.06524168        37.41328
       865.3846        1019.231
