              0               0               0        1173.077
   8.861812e-05    -0.006958348        1.123905       -145.8573
   1.889882e-05    -0.002333294       0.1972418        92.23144
       33.67897        67.35794
   2.578164e-24   -2.333275e-21               1        1173.077
  -4.419655e-08    6.798631e-05     -0.03457596       -112.5127
   5.152612e-07   -0.0005387762       0.1343386         96.9497
       1173.077        1538.462
              0               0               0        1538.462
   7.406023e-05    -0.006339245        1.121076       -154.5692
    1.57742e-05    -0.002140973       0.2107115        93.60142
       36.78114        73.56229
   2.578164e-24   -2.333275e-21               1        1173.077
  -1.716814e-07    0.0002051251     -0.07587212       -145.8573
   5.970013e-07   -0.0006203836       0.1507248        92.23144
       1173.077        1538.462
