              0               0               0        3846.154
   5.021151e-07    0.0001161359       0.9806126        255.5754
   4.397515e-06    0.0005812089      -0.1959291        37.88562
       394.9535        419.6381
  -1.362311e-27    2.357846e-24               1        3846.154
   1.879249e-10   -2.626191e-07     -0.05527402        279.8598
   8.291193e-11   -1.805061e-06      0.00553795        33.46948
       3846.154        4423.077
              0               0               0        4423.077
   3.553358e-07    0.0001229282       0.9839662         226.524
   4.061446e-06    0.0006854402      -0.1782373        39.58045
       346.9086        368.5904
  -1.362311e-27    2.357846e-24               1        3846.154
   3.081827e-10   -4.018172e-07     -0.05022651        255.5754
    3.56337e-10   -2.021396e-06     0.003985301        37.88562
       3846.154        4423.077
