              0               0               0       -4423.077
    7.26991e-07   -0.0002811834       0.9880953        25.23307
   5.776556e-06    -0.001676179      -0.1526176        70.05433
       300.7587        322.2415
   2.831483e-29     1.28761e-41               1       -4423.077
   8.320934e-10   -7.354905e-07     0.005169088        46.33753
   2.984443e-09   -7.887495e-07     0.008538809        66.05938
      -4423.077       -3846.154
              0               0               0       -3846.154
   8.486631e-07   -0.0002307239       0.9891248        25.13809
   5.134081e-06    -0.001410209       -0.145985        75.64147
       342.8433        367.3321
   2.831483e-29     1.28761e-41               1       -4423.077
   6.331191e-10   -7.019321e-07    2.959729e-05        25.23307
   2.260005e-09   -7.296423e-07     0.009353112        70.05433
      -4423.077       -3846.154
