              0               0               0           -5000
  -7.526976e-07   -4.664135e-05       0.9988347       -211.9547
  -1.541799e-05     0.002148664      0.02031566        34.61393
       18.46477        36.92954
   2.831483e-29   -4.900644e-26               1           -5000
   -4.33123e-10    7.326733e-07     -0.06069456       -193.5321
  -5.885787e-10   -9.400171e-07    -0.002712802        35.62457
          -5000       -4423.077
              0               0               0       -4423.077
  -1.399984e-07   -7.189307e-05       0.9983245       -249.7997
  -1.802499e-05     0.002043299      0.03694311        32.07567
       21.48277        42.96553
   2.831483e-29   -4.900644e-26               1           -5000
  -5.070476e-10    8.960539e-07     -0.06594618       -211.9547
  -5.904111e-10   -9.984727e-07    -0.003627106        34.61393
          -5000       -4423.077
