              0               0               0       -3269.231
  -1.722226e-06     0.000109647      -0.9834916       -298.8733
  -9.792869e-06    0.0006031855        0.180565         11.6557
       1044.749        1072.222
   5.379818e-28   -1.960258e-25               1       -3269.231
  -8.207074e-09    2.230557e-06     -0.06313795       -325.8465
  -1.494736e-08   -1.417851e-05     -0.01024964        16.86873
      -3269.231       -2692.308
              0               0               0       -2692.308
  -1.288158e-06     9.16823e-05      -0.9886375       -333.0167
  -8.876637e-06    0.0006121752       0.1498331       -1.518911
       1159.346         1189.83
   5.379818e-28   -1.960258e-25               1       -3269.231
  -6.051378e-09    5.318718e-07     -0.05747464       -298.8733
  -7.645918e-09   -2.126951e-05    -0.008020245         11.6557
      -3269.231       -2692.308
