              0               0               0       -711.5385
  -1.843765e-06     0.001772346        0.794125       -80.42019
  -4.922998e-06    -0.002418162       0.6087158        82.15522
       66.80392         83.5049
  -4.461828e-23    4.351327e-21               1       -711.5385
   6.483039e-06    -0.002458195       0.2427407       -66.67176
   5.589496e-06    -0.002065598       0.2122548        91.62395
      -711.5385       -557.6923
              0               0               0       -557.6923
  -3.898555e-06     0.004532931       0.3139112       -70.92617
  -1.601207e-05    -0.001442535       0.9487446        79.36035
       71.38679        89.23349
  -4.461828e-23    4.351327e-21               1       -711.5385
   5.814669e-06    -0.002415051       0.2956322       -80.42019
   6.227908e-06      -0.0021101       0.1590581        82.15522
      -711.5385       -557.6923
