              0               0               0               0
   -1.48541e-05     0.004273562       0.4598401       -77.37982
   -7.39434e-06    -0.002223454       0.8877698        76.54211
       51.13237        68.17649
   8.523301e-22   -1.673124e-19               1               0
   9.314971e-08   -1.316039e-05    -0.004765373       -68.37432
   3.125544e-07    1.496945e-05     -0.03506683        90.99084
              0        307.6923
              0               0               0        307.6923
   -2.46128e-05     0.004537427       0.4586045       -77.34064
  -1.086758e-07    -0.002373796        0.888318        76.33435
       50.90333        67.87111
   8.523301e-22   -1.673124e-19               1               0
    1.58851e-07   -4.946772e-05    0.0003090143       -77.37982
   3.246171e-07    2.445006e-05     -0.03893129        76.54211
              0        307.6923
