              0               0               0       -3846.154
   4.557851e-06    2.119063e-05       -0.975995       -241.2164
   1.633267e-05      0.00013918       0.2184434        8.361436
       907.2205         931.776
  -1.415742e-28    4.900644e-26               1       -3846.154
  -2.268065e-09    4.457368e-06     -0.06035305       -265.1023
  -2.524575e-08    2.242506e-05    -0.008686908        14.05118
      -3846.154       -3269.231
              0               0               0       -3269.231
   1.292729e-06    3.098171e-06      -0.9865892        -271.797
   7.019447e-06    2.463097e-05       0.1633165          7.0046
       1017.275        1044.749
  -1.415742e-28    4.900644e-26               1       -3846.154
   -3.26708e-09    5.376908e-06      -0.0550209       -241.2164
  -3.158072e-08    2.922787e-05    -0.008702747        8.361436
      -3846.154       -3269.231
