              0               0               0        2692.308
   -8.72312e-07    6.282001e-06       -0.989347        191.5796
   5.561963e-06   -3.344169e-05      -0.1454096       -27.90255
      -368.2301       -337.5443
  -2.588391e-26    3.536769e-23               1        2692.308
   3.034711e-09   -3.660362e-06     -0.02007607        161.2014
  -2.073018e-08    1.485469e-06      0.02376076       -32.23534
       2692.308        3269.231
              0               0               0        3269.231
  -1.307678e-06    9.132998e-06      -0.9838188        176.2353
   6.745624e-06   -4.078806e-05      -0.1790145       -17.17032
      -332.1478       -304.4688
  -2.588391e-26    3.536769e-23               1        2692.308
   3.756982e-09   -3.697762e-06     -0.02571399        191.5796
   -2.29466e-08    9.158053e-07      0.02571173       -27.90255
       2692.308        3269.231
