              0               0               0       -2115.385
  -4.975427e-06    0.0001253851      -0.9439096        131.4666
  -3.375366e-06     0.001092875      -0.3585007       -5.389642
       771.5952        805.0957
   7.503431e-27   -2.744361e-24               1       -2115.385
    2.08979e-08   -3.024596e-06       0.0167037        99.79892
   2.710216e-08    1.821052e-06     0.002861659       -16.29996
      -2115.385       -1538.462
              0               0               0       -1538.462
  -4.074981e-06    7.485611e-06      -0.8919322        145.2264
  -2.632392e-06    0.0009624238       -0.473125        7.294834
       841.5645        878.1095
   7.503431e-27   -2.744361e-24               1       -2115.385
   2.515758e-08   -6.610036e-06      0.01929027        131.4666
   4.564439e-08   -8.619928e-07     0.007291439       -5.389642
      -2115.385       -1538.462
