              0               0               0       -2115.385
  -0.0004172696     0.006560102        1.082076        184.7903
  -2.689191e-05    -0.003336999      -0.3622893        65.53475
       637.5393         671.094
   7.503431e-27   -2.744361e-24               1       -2115.385
   2.466877e-08   -1.546124e-05      0.02318077        212.7207
   1.004337e-07   -1.080083e-05      0.02157543        48.60508
      -2115.385       -1538.462
              0               0               0       -1538.462
   -0.000344683     0.006346358         1.11861        193.1425
  -6.520701e-05    -0.002296783      -0.2250214        91.25022
       695.3331        731.9295
   7.503431e-27   -2.744361e-24               1       -2115.385
   4.312075e-09   -9.962648e-06      0.01878961        184.7903
   8.886658e-08   -1.078877e-05       0.0212194        65.53475
      -2115.385       -1538.462
