              0               0               0        1019.231
   1.631699e-06   -3.255978e-05      -0.9996493        93.73786
  -4.924221e-06     0.001701689     -0.01490239        -28.7339
       -265.162       -238.6458
  -3.664376e-23    1.457923e-20               1        1019.231
  -1.925335e-07   -9.541824e-05       0.1302053        67.23849
   1.599636e-06    -0.000223535      -0.1941549       -28.02438
       1019.231        1173.077
              0               0               0        1173.077
   8.205867e-07    0.0001667299      -0.9905009        117.4014
  -1.769206e-06     0.001268254       0.1361501       -63.30614
      -336.3002       -302.6702
  -3.664376e-23    1.457923e-20               1        1019.231
  -3.782569e-07   -0.0001065895        0.179164        93.73786
   2.019456e-06   -0.0003052132      -0.2255615        -28.7339
       1019.231        1173.077
