              0               0               0        4423.077
   2.940087e-07    9.424877e-05       0.9743411        184.0734
   1.949687e-06    0.0004066156      -0.2250466        48.41175
       303.5451        325.2268
  -1.362311e-27    6.195073e-40               1        4423.077
   4.516371e-10    2.102661e-07      -0.0454326        205.2462
   6.992435e-10   -1.144183e-06    0.0002877103        43.74336
       4423.077            5000
              0               0               0            5000
   5.397153e-07    9.957448e-05       0.9773058        160.9102
   3.637006e-06    0.0004553882      -0.2118332        47.43474
       261.3379        280.0049
  -1.362311e-27    6.195073e-40               1        4423.077
   6.294183e-10    3.099626e-07     -0.04053788        184.0734
    1.16345e-09   -8.191746e-07    -0.001608136        48.41175
       4423.077            5000
