              0               0               0       -307.6923
   1.056547e-05    -0.004715577      -0.1403345        127.0977
   1.225622e-05    0.0006419789      -0.9891417        10.17662
       362.9335        380.2137
  -2.352002e-22    4.979552e-20               1       -307.6923
    3.24011e-08    1.274854e-07    -0.004611023        123.3191
  -6.598422e-07    0.0004013636     -0.05934222       -6.660941
      -307.6923               0
              0               0               0               0
  -1.215096e-05    -0.004052448       -0.163368        126.8786
   1.604441e-05    0.0006863927      -0.9872684        10.40701
       357.9282        374.9739
  -2.352002e-22    4.979552e-20               1       -307.6923
   2.363936e-07   -0.0001233919       0.0148744        127.0977
  -7.088378e-07    0.0004247987      -0.0628496        10.17662
      -307.6923               0
