              0               0               0       -3846.154
   9.858764e-06   -0.0004391699       0.9644733        73.06272
   -6.78599e-06   -0.0009300411      -0.2538901        65.65704
       391.8209        416.3098
  -1.415742e-28    4.900644e-26               1       -3846.154
  -1.450735e-09    1.129463e-06      0.01564839        96.56294
  -4.244015e-09    5.194818e-06     0.009267705        58.78217
      -3846.154       -3269.231
              0               0               0       -3269.231
   7.613358e-06   -0.0003723773       0.9690497        79.15207
  -7.298053e-06   -0.0008004011      -0.2356813        72.28457
       440.1748        467.6858
  -1.415742e-28    4.900644e-26               1       -3846.154
  -1.197581e-09    9.269648e-07      0.01041868        73.06272
  -4.217757e-09    4.872614e-06      0.01008043        65.65704
      -3846.154       -3269.231
