              0               0               0        2692.308
   -1.21718e-06    2.479761e-05      -0.9871727        404.2738
   8.564379e-06   -0.0001929615      -0.1591424         2.03153
       -583.031       -552.3452
  -2.588391e-26    3.536769e-23               1        2692.308
   3.511191e-09   -2.084834e-06     -0.05901817        373.9698
  -1.265254e-08    -1.14201e-05      0.03467684       -2.786123
       2692.308        3269.231
              0               0               0        3269.231
  -1.739189e-06    3.041209e-05      -0.9814249        367.0796
   9.978265e-06   -0.0001986126      -0.1911619        16.22083
      -525.9006       -498.2217
  -2.588391e-26    3.536769e-23               1        2692.308
   1.794788e-09   -1.078673e-06     -0.06444511        404.2738
  -5.145518e-09   -1.565121e-05      0.03533696         2.03153
       2692.308        3269.231
