              0               0               0       -4423.077
  -9.388775e-08   -0.0001149682       0.9841098       -185.8594
  -7.828549e-07    0.0006298218       0.1776431        39.67085
       85.93106        107.4138
   2.831483e-29     1.28761e-41               1       -4423.077
  -1.149194e-10   -2.120136e-07     -0.04520354        -164.772
  -1.136416e-09   -1.241167e-06   -4.766597e-05        43.77003
      -4423.077       -3846.154
              0               0               0       -3846.154
   6.979097e-09   -0.0001148304        0.980868       -214.8951
  -8.808633e-07     0.000568367       0.1947698         38.0136
       97.95524         122.444
   2.831483e-29     1.28761e-41               1       -4423.077
  -2.389795e-10   -1.347008e-07     -0.05017132       -185.8594
  -8.894472e-10   -1.499222e-06    -0.001711587        39.67085
      -4423.077       -3846.154
