              0               0               0               0
  -1.368888e-05     1.35881e-05       0.9997698        19.46703
    3.80615e-06    -0.004684682     0.002121615        135.7067
       170.4412        187.4853
   8.523301e-22   -1.673124e-19               1               0
  -2.259758e-07    0.0001058893     -0.01261488         36.4434
   5.143173e-07   -0.0001545224     -0.00337591        134.4008
              0        307.6923
              0               0               0        307.6923
  -1.230449e-05   -5.279462e-05        1.000229        19.10776
  -1.116581e-05    -0.004161987    -0.004908936        135.0512
       169.6778        186.6456
   8.523301e-22   -1.673124e-19               1               0
  -2.028221e-07    0.0001049881     -0.01426958        19.46703
   4.728745e-07   -0.0001318389     -0.00633374        135.7067
              0        307.6923
