              0               0               0        3269.231
  -1.739189e-06    0.0001748291      -0.9871058        394.3046
   9.978265e-06    -0.001027177      -0.1572333        21.14824
      -553.5796       -525.9006
   6.811555e-27   -9.431384e-24               1        3269.231
  -3.790414e-09    2.027691e-06      -0.0638976        367.0796
    2.43885e-08   -2.455691e-05      0.01213997        16.22083
       3269.231        3846.154
              0               0               0        3846.154
  -3.695582e-06    8.861476e-05      -0.9438747        353.5616
   1.476425e-05   -0.0005724228      -0.3227353        27.86122
       -495.767       -470.9786
   6.811555e-27   -9.431384e-24               1        3269.231
   6.388433e-10   -1.036118e-06     -0.07023614        394.3046
   6.039994e-09   -1.225225e-05      0.01669408        21.14824
       3269.231        3846.154
