              0               0               0           -5000
  -2.716148e-06   -0.0002089423        0.996294        6.552794
     9.1945e-06    -0.002431703     -0.08654161        66.35064
        240.042        258.5068
   2.831483e-29   -4.900644e-26               1           -5000
   6.331191e-10   -1.797715e-06     0.001471701        24.86079
   2.260005e-09    -4.64119e-06      0.01245167        63.98147
          -5000       -4423.077
              0               0               0       -4423.077
  -1.987156e-06   -0.0001531146       0.9974252        3.895987
    5.10777e-06    -0.002005366     -0.07352788        72.50877
        279.276        300.7587
   2.831483e-29   -4.900644e-26               1           -5000
   4.567672e-10   -1.451904e-06    -0.003919526        6.552794
   1.227381e-09   -2.686121e-06      0.01181524        66.35064
          -5000       -4423.077
