              0               0               0        1538.462
  -2.434545e-07    -6.66812e-05       0.9996667       -8.094984
  -1.720605e-06   -0.0007823675     -0.04557175        103.3668
       183.9057        220.6869
  -3.610124e-25    4.927898e-22               1        1538.462
  -8.200946e-09    2.110934e-05     -0.02623951        28.57158
   2.706058e-09    -5.23065e-06    -0.007402457        100.5466
       1538.462        2115.385
              0               0               0        2115.385
   -4.43141e-08    4.127755e-05       0.9969953       -14.82232
  -1.881703e-06   -0.0008647942      0.08592642        93.21173
       168.8154        202.5785
  -3.610124e-25    4.927898e-22               1        1538.462
  -8.426233e-09    2.189656e-05     -0.02148875       -8.094984
   4.662886e-10    2.626998e-06     -0.01927298        103.3668
       1538.462        2115.385
