              0               0               0       -3269.231
  -6.931727e-07   -8.698669e-05       0.9912842       -298.0269
   6.522375e-07    0.0007344243       0.1311885        25.11986
       55.02186        82.53278
   5.379818e-28   -1.960258e-25               1       -3269.231
   -9.09309e-09     3.55966e-06     -0.05395587        -270.836
  -1.980929e-08   -2.972171e-06    -0.009263928        29.29841
      -3269.231       -2692.308
              0               0               0       -2692.308
  -7.148973e-07   -9.515983e-05       0.9865396       -332.5372
   1.565668e-06     0.000605601       0.1636745        13.55442
       61.06301        91.59452
   5.379818e-28   -1.960258e-25               1       -3269.231
  -9.546032e-09    3.930728e-06     -0.05890825       -298.0269
  -2.129569e-08   -3.473658e-06     -0.01095467        25.11986
      -3269.231       -2692.308
