              0               0               0       -3846.154
   3.324659e-07   -0.0001143177       0.9752565       -190.9436
  -2.003842e-06    0.0005036531       0.2210223         43.1112
        122.444        146.9329
  -1.415742e-28    4.900644e-26               1       -3846.154
   1.439815e-09   -2.443339e-07     -0.04059681       -167.1244
   1.461571e-09   -3.472261e-06   -0.0008035636        48.79639
      -3846.154       -3269.231
              0               0               0       -3269.231
   2.415436e-07   -0.0001037828        0.972037       -217.0186
  -1.337724e-06    0.0004262173       0.2348225        40.70283
       137.5546        165.0656
  -1.415742e-28    4.900644e-26               1       -3846.154
   1.812609e-09   -4.109126e-07     -0.04556292       -190.9436
    8.73677e-10   -3.208041e-06    -0.002614516         43.1112
      -3846.154       -3269.231
