              0               0               0        865.3846
   1.386166e-06    -0.000168347       0.9757435        78.52227
   4.925376e-06    -0.000662395      -0.2196364          70.175
       215.5483        235.1436
   1.528862e-22   -5.598364e-20               1        865.3846
  -1.889986e-07    0.0001726916       0.3477383        97.58805
  -6.284199e-06     0.001946524      -0.2533244        65.65387
       865.3846        1019.231
              0               0               0        1019.231
   1.072885e-06   -0.0001054947       0.9356711        129.6889
   2.815526e-06   -0.0002754215      -0.3528967        59.38387
       292.1526        318.7119
   1.528862e-22   -5.598364e-20               1        865.3846
   1.666087e-07    6.341319e-05       0.3188841        78.52227
  -6.351976e-06     0.002054524      -0.2358803          70.175
       865.3846        1019.231
