              0               0               0       -2692.308
   2.069459e-08   -1.201816e-05      -0.9898471       -212.2179
    1.15501e-07    -8.31034e-05        0.142116       -18.12898
       1037.409        1067.893
  -2.010353e-27    7.350966e-25               1       -2692.308
   2.778675e-08   -5.298889e-06     -0.04521795       -242.4032
   2.775541e-08   -2.171251e-05     -0.03458257       -13.87064
      -2692.308       -2115.385
              0               0               0       -2115.385
   3.275233e-09   -5.699166e-06       -0.996766       -231.5201
   4.975768e-10   -6.986442e-05      0.08032587        -38.3318
         1140.1          1173.6
  -2.010353e-27    7.350966e-25               1       -2692.308
    2.43142e-08   -3.930593e-06     -0.03928227       -212.2179
    2.42062e-08   -1.825173e-05     -0.03254517       -18.12898
      -2692.308       -2115.385
