              0               0               0        2692.308
   4.161679e-07    0.0001422186       0.9934793        403.9392
   8.195376e-06     0.001407389      -0.1037162        8.106064
       584.0472        614.7865
  -2.588391e-26    3.536769e-23               1        2692.308
  -7.498513e-10    2.617012e-07     -0.06978936        434.6246
   4.964025e-09   -2.084383e-05      0.03578798        6.485789
       2692.308        3269.231
              0               0               0        3269.231
   2.645811e-07    0.0001070648       0.9963868        366.5968
    1.08598e-05     0.001583477     -0.07071797        21.66049
       526.6807        554.4008
  -2.588391e-26    3.536769e-23               1        2692.308
  -4.632497e-10   -2.620089e-08     -0.06455753        403.9392
   4.876877e-09    -1.95351e-05      0.03314136        8.106064
       2692.308        3269.231
