              0               0               0       -307.6923
   1.363745e-05    -0.002156589      -0.8885955        69.24762
    4.08874e-06     0.004180515      -0.4585244       -71.11173
       466.6143        483.8944
  -2.352002e-22    4.979552e-20               1       -307.6923
  -7.283207e-07    0.0005060044     -0.08793656        53.31898
   1.731103e-07   -9.043803e-05      0.01823837       -77.76568
      -307.6923               0
              0               0               0               0
   9.543269e-06    -0.001999458      -0.8908348        68.66949
   9.861732e-06     0.003955842      -0.4538777       -69.13481
       460.2025        477.2482
  -2.352002e-22    4.979552e-20               1       -307.6923
  -6.915285e-07    0.0004713799     -0.08144876        69.24762
   1.183844e-08    1.282739e-05     0.001357311       -71.11173
      -307.6923               0
