              0               0               0        2115.385
   3.206789e-07    5.333695e-05       0.9316161        246.1773
   8.962183e-07    0.0001362682      -0.3634412        38.34065
       438.9201        472.6832
   9.672408e-26   -1.320394e-22               1        2115.385
   3.604353e-09   -5.245374e-06     -0.03896092        277.7047
   1.099418e-08   -3.149214e-05      0.04110959        26.25959
       2115.385        2692.308
              0               0               0        2692.308
   4.973339e-07    4.352266e-05       0.9531349        224.8192
   1.717519e-06    0.0001361179      -0.3025745        50.72838
       399.6112        430.3506
   9.672408e-26   -1.320394e-22               1        2115.385
   2.664379e-09    -3.23554e-06     -0.03604091        246.1773
   9.393478e-09   -2.746636e-05      0.03419151        38.34065
       2115.385        2692.308
