              0               0               0        1173.077
   1.051171e-06    0.0001767769       0.8977653         327.119
   2.688772e-06     0.000356332      -0.4405598       -40.05401
       538.8635        572.5424
   2.578164e-24   -2.333275e-21               1        1173.077
   1.014854e-06    -0.001128866       0.3859242        357.5955
  -1.264852e-06     0.001312831      -0.3237629       -54.38472
       1173.077        1538.462
              0               0               0        1538.462
   8.110563e-07    0.0001616039       0.9036706        363.9045
   2.163368e-06    0.0003386019      -0.4282663       -43.92638
       588.4983        625.2794
   2.578164e-24   -2.333275e-21               1        1173.077
   9.539846e-07    -0.001059736       0.3605246         327.119
  -1.140481e-06     0.001181986      -0.2902167       -40.05401
       1173.077        1538.462
