              0               0               0       -557.6923
   3.974276e-06    -0.004215953      -0.3661772        116.1629
   1.404317e-05     0.001627934      -0.9300316       -26.57958
       426.9055        444.3984
   8.804966e-23   -1.624172e-20               1       -557.6923
   1.534935e-06   -0.0008167168      0.06225423        108.4885
    7.79716e-07   -0.0003740747       0.0109339       -42.27519
      -557.6923       -307.6923
              0               0               0       -307.6923
   8.304795e-06     -0.00375022      -0.5813239         108.113
   1.215207e-05     0.002687365      -0.8143013       -37.53225
       414.7739         432.054
   8.804966e-23   -1.624172e-20               1       -557.6923
   1.102533e-06   -0.0005917957      0.04684115        116.1629
    1.15363e-06   -0.0005719493      0.02707483       -26.57958
      -557.6923       -307.6923
