              0               0               0       -2115.385
  -1.685601e-06    0.0003620637       0.9710318       -79.70617
   9.998181e-07    -0.001462741       0.2382234         84.5508
       369.1017        402.6564
   7.503431e-27   -2.744361e-24               1       -2115.385
  -8.747808e-08    2.440681e-05    -0.009448663       -46.77952
  -4.476428e-08    6.352153e-06      0.00475435        90.93516
      -2115.385       -1538.462
              0               0               0       -1538.462
  -1.240584e-06    0.0004847004       0.9333633       -95.65109
  -2.375176e-07    -0.001246604       0.3585937        75.75448
       402.5612        439.1577
   7.503431e-27   -2.744361e-24               1       -2115.385
  -9.398801e-08      2.8284e-05     -0.01267255       -79.70617
  -6.661243e-08    9.942991e-06     0.001188005         84.5508
      -2115.385       -1538.462
