              0               0               0       -865.3846
   1.051404e-06     -1.7161e-05      -0.9998561        9.564663
   1.077658e-05     0.000983885     -0.01417036       -14.19502
       598.3575        619.7076
   1.194898e-23   -1.163587e-21               1       -865.3846
  -1.041142e-06    0.0004833608       0.1884004       -11.77994
   7.460854e-06    -0.002388995      -0.1061199       -13.94421
      -865.3846       -711.5385
              0               0               0       -711.5385
   5.730651e-06   -0.0005920014      -0.9820974        41.44113
   1.352185e-05     0.003172799      -0.1887507       -57.43947
       468.0016        484.7493
   1.194898e-23   -1.163587e-21               1       -865.3846
  -8.591956e-07    0.0005136626        0.148508        9.564663
   7.349974e-06      -0.0022313      -0.1117759       -14.19502
      -865.3846       -711.5385
