              0               0               0       -1019.231
   0.0005451348     -0.04167446       0.1370213        197.4065
   0.0002041733    -0.008853315      -0.6736399        55.03604
       566.3738        594.6425
   -3.17765e-24    3.030207e-22               1       -1019.231
  -1.434089e-07    6.012716e-05      -0.1681898        180.2916
  -3.738866e-07    0.0003631997      -0.1772913        33.53053
      -1019.231       -865.3846
              0               0               0       -865.3846
    0.001018009     -0.05716003      0.04243413        170.5591
   0.0002012225    -0.003111873       -0.684863        27.57202
       427.5568        448.9069
   -3.17765e-24    3.030207e-22               1       -1019.231
  -8.479499e-07    6.852037e-05      -0.1649798        197.4065
   2.709728e-07    0.0003726384      -0.2422587        55.03604
      -1019.231       -865.3846
