              0               0               0        1019.231
  -2.940127e-06   -0.0002405168         0.98977        53.16589
  -2.167106e-06    -0.001720173      -0.1432485        80.92897
       212.4746        239.0339
  -3.664376e-23    1.457923e-20               1        1019.231
  -1.963085e-06    0.0002372923       0.2714317        79.22877
    2.03342e-06   -0.0007118316      0.03180535        75.87038
       1019.231        1173.077
              0               0               0        1173.077
  -1.664508e-06   -0.0004003509       0.9566465        87.75446
  -3.726401e-07    -0.001327283      -0.2912114        82.64721
       269.4317        303.1107
  -3.664376e-23    1.457923e-20               1        1019.231
  -1.877374e-06    0.0002727767        0.227295        53.16589
   1.525102e-06   -0.0006084279      0.06867579        80.92897
       1019.231        1173.077
