              0               0               0        1173.077
   5.875962e-06   -0.0004609133        1.008435        -78.9555
   4.182138e-06    -0.001087134      0.05349793        99.73377
       101.0369        134.7159
   2.578164e-24   -2.333275e-21               1        1173.077
   1.880882e-07   -0.0001842689      0.04338088       -45.29078
   3.308849e-07   -0.0003526676      0.09448548        100.4622
       1173.077        1538.462
              0               0               0        1538.462
   4.874679e-06   -0.0004090874        1.007691       -81.61908
   2.880981e-06   -0.0009698644      0.06683753        102.7538
       110.3434        147.1246
   2.578164e-24   -2.333275e-21               1        1173.077
   7.567157e-08   -6.180706e-05     0.005190931        -78.9555
   4.269032e-07   -0.0004497839       0.1156153        99.73377
       1173.077        1538.462
