              0               0               0       -865.3846
   5.642086e-07    -5.32987e-05      -0.9983517        30.89836
  -8.440763e-07     0.001037948     -0.05733667       -13.43579
       577.0074        598.3575
   1.194898e-23   -1.163587e-21               1       -865.3846
  -8.591956e-07    0.0005136626        0.148508        9.564663
   7.349974e-06      -0.0022313      -0.1117759       -14.19502
      -865.3846       -711.5385
              0               0               0       -711.5385
   1.204281e-05    -0.001197071      -0.9521345        57.66644
  -1.118863e-05     0.003734953        -0.30444       -53.33583
       451.2538        468.0016
   1.194898e-23   -1.163587e-21               1       -865.3846
  -7.412918e-07    0.0005366238       0.1089803        30.89836
   7.112943e-06    -0.002028193      -0.1156743       -13.43579
      -865.3846       -711.5385
