              0               0               0       -3846.154
  -4.691849e-07   -7.201635e-05      -0.9886384        50.11119
   7.429063e-08    0.0007866045      -0.1550686       -16.04733
       612.5539        637.1095
  -1.415742e-28    4.900644e-26               1       -3846.154
   1.232209e-09   -4.895763e-07     0.002700139        25.78426
  -8.272673e-09    9.036176e-06    -0.009219414       -19.37972
      -3846.154       -3269.231
              0               0               0       -3269.231
  -3.664498e-07   -7.409218e-05       -0.988222        54.62952
  -5.969839e-09    0.0007727836       -0.157808       -19.52714
        687.588        715.0619
  -1.415742e-28    4.900644e-26               1       -3846.154
   1.286052e-09   -7.293327e-07     0.007824494        50.11119
  -5.789673e-09    6.747193e-06    -0.007997248       -16.04733
      -3846.154       -3269.231
