              0               0               0       -1019.231
   -8.45855e-05     0.004556332      -0.9122605        180.2916
  -9.724587e-05     0.008461835      -0.6847066        33.53053
       594.6425        622.9112
   -3.17765e-24    3.030207e-22               1       -1019.231
   3.860154e-07    4.065854e-05      -0.1486614        156.2335
  -1.286556e-06    0.0003527538      -0.1127502        18.73999
      -1019.231       -865.3846
              0               0               0       -865.3846
  -0.0001819583     0.008043712       -1.006204        155.3172
  -0.0001340036      0.00977648       -0.542573        13.48994
       448.9069         470.257
   -3.17765e-24    3.030207e-22               1       -1019.231
  -1.434089e-07    6.012716e-05      -0.1681898        180.2916
  -3.738866e-07    0.0003631997      -0.1772913        33.53053
      -1019.231       -865.3846
