              0               0               0       -557.6923
   5.293616e-06    -0.004007389      -0.5100272        108.4885
   1.477389e-05     0.002364901      -0.8601855       -42.27519
       444.3984        461.8912
   8.804966e-23   -1.624172e-20               1       -557.6923
   1.879853e-06   -0.0009950719      0.07345325        98.36878
   3.425652e-07   -0.0001428536    -0.007632624       -56.51957
      -557.6923       -307.6923
              0               0               0       -307.6923
   1.353973e-05    -0.003319696       -0.703493        96.99066
   4.355418e-06     0.003317333      -0.7105393       -50.73832
        432.054        449.3342
   8.804966e-23   -1.624172e-20               1       -557.6923
   1.534935e-06   -0.0008167168      0.06225423        108.4885
    7.79716e-07   -0.0003740747       0.0109339       -42.27519
      -557.6923       -307.6923
