              0               0               0       -3269.231
   2.164161e-07   -0.0001048481       0.9965618       -325.3684
  -9.898551e-06     0.001551379      0.06830392         22.2727
       27.51093        55.02186
   5.379818e-28   -1.960258e-25               1       -3269.231
  -9.546032e-09    3.930728e-06     -0.05890825       -298.0269
  -2.129569e-08   -3.473658e-06     -0.01095467        25.11986
      -3269.231       -2692.308
              0               0               0       -2692.308
   4.848957e-07   -0.0001395736       0.9937064       -362.7602
  -9.056219e-06     0.001435101       0.1013688        9.379461
       30.53151        61.06301
   5.379818e-28   -1.960258e-25               1       -3269.231
  -1.010464e-08    4.289914e-06     -0.06392424       -325.3684
  -2.251776e-08   -4.167731e-06       -0.012449         22.2727
      -3269.231       -2692.308
