              0               0               0       -865.3846
   6.296635e-06   -0.0004789134      -0.9787156        94.42115
  -4.553737e-06     0.001284475      -0.1908528        -5.62771
       512.9571        534.3072
   1.194898e-23   -1.163587e-21               1       -865.3846
  -5.900864e-07    0.0005277305      0.02813427        73.36847
    6.03957e-06    -0.001461568      -0.1146367       -9.161252
      -865.3846       -711.5385
              0               0               0       -711.5385
  -3.527721e-06    -0.002050342      -0.7782322        101.6641
   2.132352e-05     0.002502785      -0.6277048       -29.68846
       401.0106        417.7583
   1.194898e-23   -1.163587e-21               1       -865.3846
  -4.660494e-07    0.0004743744     -0.01487086        94.42115
   5.142225e-06    -0.001095528      -0.1095616        -5.62771
      -865.3846       -711.5385
