              0               0               0        307.6923
  -3.470107e-05     0.005982606     0.001485484        -89.6001
  -1.837954e-05    2.789405e-05       0.9998508        27.38473
              0        16.96778
  -1.867855e-21    6.194539e-19               1        307.6923
  -4.510474e-07    0.0001268644      0.01385422       -88.02199
  -1.728303e-06    0.0003842114      0.08070846        44.26822
       307.6923        557.6923
              0               0               0        557.6923
  -1.701641e-05     0.005071597     0.006802818       -84.99679
  -1.668462e-05    6.937568e-05       0.9991087        45.63122
              0        15.88614
  -1.867855e-21    6.194539e-19               1        307.6923
  -4.069399e-07    0.0001239652       0.0128557        -89.6001
  -1.881627e-06    0.0004163915       0.0864898        27.38473
       307.6923        557.6923
