              0               0               0        307.6923
   1.120651e-06    -0.004458843      -0.1740377        126.5625
   1.431148e-05    0.0008117979      -0.9849041        10.47645
      -322.4443       -305.4735
  -1.867855e-21    6.194539e-19               1        307.6923
   3.726893e-07   -0.0001222746     -0.02371094        122.3302
  -1.837602e-06    0.0004197078      0.06546649       -5.934364
       307.6923        557.6923
              0               0               0        557.6923
  -0.0001346536     0.003102217      0.05129808        113.3982
  -4.712321e-06    4.321924e-05      -0.9943692        27.58217
       -374.726       -355.0035
  -1.867855e-21    6.194539e-19               1        307.6923
   9.040557e-07   -0.0002589556     -0.04442172        126.5625
  -2.086966e-06    0.0004881535      0.07681989        10.47645
       307.6923        557.6923
