              0               0               0        1538.462
   7.406023e-05    -0.006339245        1.121076       -154.5692
    1.57742e-05    -0.002140973       0.2107115        93.60142
       36.78114        73.56229
  -3.610124e-25    4.927898e-22               1        1538.462
  -6.899176e-09    1.954009e-05    -0.002595158       -118.2256
  -5.915923e-09    2.602941e-05     -0.05301113        99.24013
       1538.462        2115.385
              0               0               0        2115.385
    8.36744e-05    -0.006466002        1.082636       -146.9465
   3.094353e-05     -0.00326863       0.3559636         66.7011
       33.76308        67.52617
  -3.610124e-25    4.927898e-22               1        1538.462
  -5.478949e-09    1.693583e-05     0.005265514       -154.5692
  -8.209253e-09     3.40217e-05     -0.06352276        93.60142
       1538.462        2115.385
