              0               0               0       -3269.231
   7.811483e-08   -0.0001102298       0.9779246       -243.8404
  -1.074871e-06    0.0005149294       0.2089306        34.58761
       110.0437        137.5546
   5.379818e-28   -1.960258e-25               1       -3269.231
  -8.407095e-09    2.726294e-06     -0.04422712       -217.0186
  -1.691368e-08   -1.695908e-06    -0.005443718        40.70283
      -3269.231       -2692.308
              0               0               0       -2692.308
  -1.462196e-07   -0.0001038746       0.9706536       -272.7757
   1.000766e-07    0.0004150473       0.2405731        26.01513
        122.126        152.6575
   5.379818e-28   -1.960258e-25               1       -3269.231
  -8.711018e-09    3.143028e-06     -0.04906843       -243.8404
  -1.843446e-08   -2.288496e-06    -0.007402944        34.58761
      -3269.231       -2692.308
