              0               0               0        557.6923
  -4.970324e-06     -0.00342883       0.7992861        74.51857
   2.725979e-05    -0.004633304      -0.6006936        130.1021
       222.4059        238.2921
   2.146718e-21   -7.814377e-19               1        557.6923
   1.968176e-06     0.000279023    -0.005594637        86.33088
  -1.049547e-06   -0.0006138179     -0.00696154        119.4994
       557.6923        711.5385
              0               0               0        711.5385
  -2.462578e-06    -0.002274223       0.8511279         85.5566
   1.515755e-05    -0.003646869      -0.5249719        109.8874
       235.9076        252.7581
   2.146718e-21   -7.814377e-19               1        557.6923
   1.885824e-06    0.0002261676    -0.007682717        74.51857
  -1.570656e-06   -0.0005850865    -0.004206742        130.1021
       557.6923        711.5385
