              0               0               0       -307.6923
  -2.828951e-06     0.004570364       0.1355251       -88.41489
   -1.45786e-05   -0.0006219629       0.9912738        44.57937
       17.28267        34.56534
  -2.352002e-22    4.979552e-20               1       -307.6923
  -3.189995e-07    0.0002090205     -0.03172872       -84.72214
   5.068486e-07   -0.0004418669      0.08601622        61.45019
      -307.6923               0
              0               0               0               0
  -8.322797e-06     0.004568566       0.1679062       -88.13634
   -1.15153e-05   -0.0007770122       0.9854684        44.33428
       17.04412        34.08824
  -2.352002e-22    4.979552e-20               1       -307.6923
  -5.192421e-07    0.0003570268     -0.05979007       -88.41489
    5.21548e-07   -0.0004608509      0.09162642        44.57937
      -307.6923               0
