              0               0               0        1019.231
   4.116406e-06    0.0001541014       -0.969576       -37.27699
    2.19856e-06    0.0007993094       0.2478986        -10.7977
       -132.581       -106.0648
  -3.664376e-23    1.457923e-20               1        1019.231
   4.999516e-07   -2.100022e-05     -0.08130519       -62.80137
  -5.005577e-07    0.0001187655     0.006162973       -3.621386
       1019.231        1173.077
              0               0               0        1173.077
   2.334096e-06    0.0002305928      -0.9203505       -43.38458
   2.701939e-07    0.0006330852       0.3928366        -15.6223
      -168.1501       -134.5201
  -3.664376e-23    1.457923e-20               1        1019.231
   3.741203e-07   -3.181784e-05     -0.04365919       -37.27699
  -8.423163e-08    5.828079e-05     -0.03833252        -10.7977
       1019.231        1173.077
