              0               0               0       -2115.385
   3.056769e-07   -0.0001369994      -0.9780271        34.95569
   5.662066e-07    0.0005948638      -0.2075665       -33.07234
       872.0965        905.5969
   7.503431e-27   -2.744361e-24               1       -2115.385
   3.434547e-09    8.226671e-06     0.007529541        2.049118
  -2.904482e-08    9.204071e-06    -0.009124232       -39.33701
      -2115.385       -1538.462
              0               0               0       -1538.462
   3.675024e-07   -0.0002062214      -0.9442308        44.55514
   6.374491e-08    0.0005608832      -0.3286883       -35.85507
       951.1994        987.7444
   7.503431e-27   -2.744361e-24               1       -2115.385
   9.928782e-09    4.433119e-06      0.01077678        34.95569
  -1.007102e-08    6.674502e-06    -0.005322035       -33.07234
      -2115.385       -1538.462
