              0               0               0        3269.231
   3.221407e-08    1.081702e-05       -0.986546        285.3019
  -1.311785e-07   -6.807953e-05       -0.163439        1.861083
      -442.8637       -415.1847
   6.811555e-27   -9.431384e-24               1        3269.231
  -8.092993e-09    4.850018e-06     -0.04161907        258.0043
   5.376367e-08   -4.289896e-05     0.004054959       -2.717681
       3269.231        3846.154
              0               0               0        3846.154
   7.298468e-07   -8.933803e-05      -0.9768807        258.3126
  -2.738116e-06    0.0003860822      -0.2134085       0.7616099
      -396.6136       -371.8252
   6.811555e-27   -9.431384e-24               1        3269.231
  -8.190076e-09    4.971756e-06     -0.04692387        285.3019
   5.090821e-08   -4.146956e-05     0.005074691        1.861083
       3269.231        3846.154
