              0               0               0        1173.077
  -1.375554e-07    0.0001906751       0.8853899         297.089
  -6.470032e-08    0.0003628691      -0.4647818       -24.80976
       505.1845        538.8635
   2.578164e-24   -2.333275e-21               1        1173.077
   9.539846e-07    -0.001059736       0.3605246         327.119
  -1.140481e-06     0.001181986      -0.2902167       -40.05401
       1173.077        1538.462
              0               0               0        1538.462
    6.84513e-08    0.0001540508       0.8920605        330.8817
   3.155875e-07    0.0003037789      -0.4518938       -27.73188
       551.7172        588.4983
   2.578164e-24   -2.333275e-21               1        1173.077
   9.001767e-07   -0.0009975585       0.3367989         297.089
  -1.014076e-06     0.001048862      -0.2558504       -24.80976
       1173.077        1538.462
