              0               0               0        1173.077
  -2.157213e-06    0.0001327757       0.9973838       -45.29078
   -2.28088e-06   -0.0006645839    -0.005498125        100.4622
       134.7159        168.3948
   2.578164e-24   -2.333275e-21               1        1173.077
   2.933871e-07   -0.0002997009      0.08001667       -11.63172
   2.321305e-07   -0.0002518238      0.07177969        99.43605
       1173.077        1538.462
              0               0               0        1538.462
  -1.771584e-06    0.0001288015       0.9973819       -44.86593
  -1.181769e-06   -0.0006519671     0.007184714        104.0434
       147.1246        183.9057
   2.578164e-24   -2.333275e-21               1        1173.077
   1.880882e-07   -0.0001842689      0.04338088       -45.29078
   3.308849e-07   -0.0003526676      0.09448548        100.4622
       1173.077        1538.462
