              0               0               0        3269.231
  -1.781877e-06    6.314199e-05       0.9992868        41.20096
   -1.67693e-06    -0.001581289      0.03933471        84.90745
       194.0403        221.7603
   6.811555e-27   -9.431384e-24               1        3269.231
  -2.189359e-09    2.658794e-06     -0.01126175        68.91179
   1.160033e-09   -1.905271e-06    -0.008846245        84.74703
       3269.231        3846.154
              0               0               0        3846.154
  -1.956405e-06    0.0001139951       0.9977071        38.21114
   -3.78987e-06    -0.001669256      0.06876028        78.60884
       172.7922        197.4768
   6.811555e-27   -9.431384e-24               1        3269.231
  -2.347243e-09    2.794942e-06    -0.006013556        41.20096
   2.648934e-09   -2.407098e-06     -0.01041056        84.90745
       3269.231        3846.154
