              0               0               0        1173.077
   2.157312e-05    4.922396e-05      -0.8795917       -103.7799
  -1.028973e-05     0.001095391       0.4953802        13.89988
      -100.8901       -67.26004
   2.578164e-24   -2.333275e-21               1        1173.077
  -2.969392e-07    0.0003287655     -0.09792981       -132.4844
    3.82064e-07   -0.0003839952      0.07799481        31.40702
       1173.077        1538.462
              0               0               0        1538.462
   1.855338e-05     1.61756e-05      -0.8863092       -107.2567
  -8.807869e-06    0.0009994275       0.4838921        8.598384
      -110.1517       -73.43448
   2.578164e-24   -2.333275e-21               1        1173.077
  -2.487775e-07    0.0002732594     -0.07614688       -103.7799
   2.509809e-07   -0.0002456376      0.04173543        13.89988
       1173.077        1538.462
