              0               0               0       -1019.231
  -3.306144e-08   -5.577369e-07      -0.9993554       -230.8701
  -6.632709e-08   -3.243209e-05      0.03545328       -30.40431
       1018.673        1046.942
   -3.17765e-24    3.030207e-22               1       -1019.231
   2.166672e-06   -0.0003290337       0.5134372       -259.1218
  -1.883662e-06    -0.001081587       0.4983039       -29.42951
      -1019.231       -865.3846
              0               0               0       -865.3846
   1.520446e-07   -1.790009e-05      -0.9841186        -159.012
   1.149621e-06   -0.0001018587        0.177371        11.02227
       769.1582        790.5083
   -3.17765e-24    3.030207e-22               1       -1019.231
   1.734556e-06   -0.0002599401       0.4660141       -230.8701
  -2.882954e-06   -0.0008826845       0.4733059       -30.40431
      -1019.231       -865.3846
