              0               0               0       -2692.308
   3.432834e-07    -7.77526e-05       0.9579476       -213.9089
  -1.185537e-06    0.0002560958       0.2869679        42.22053
        183.189        213.7205
  -2.010353e-27    7.350966e-25               1       -2692.308
   3.072532e-08   -1.175983e-05     -0.04044122        -184.724
   2.911795e-08   -2.466199e-05     -0.01559123        51.18708
      -2692.308       -2115.385
              0               0               0       -2115.385
   3.713783e-07   -8.819907e-05       0.9383503       -237.4704
   -1.04863e-06    0.0002376004        0.345693        27.74743
       201.3282        234.8829
  -2.010353e-27    7.350966e-25               1       -2692.308
   3.260393e-08   -1.174126e-05     -0.04491813       -213.9089
    3.30361e-08   -2.789629e-05     -0.01998844        42.22053
      -2692.308       -2115.385
