              0               0               0       -3269.231
  -3.452531e-05    0.0002559743       0.9658474        105.6882
   1.780806e-05     -0.00140273      -0.2962914        65.04301
       467.6858        495.1967
   5.379818e-28   -1.960258e-25               1       -3269.231
  -5.658445e-10   -1.417532e-06      0.02061157        131.7344
   8.625272e-09   -1.321707e-06      0.01007372         56.2009
      -3269.231       -2692.308
              0               0               0       -2692.308
  -2.760301e-05    0.0002543884       0.9744846        113.8412
   1.386224e-05    -0.001255312      -0.2655959        72.11368
       519.0356        549.5671
   5.379818e-28   -1.960258e-25               1       -3269.231
   -1.72499e-09   -1.381424e-06      0.01550303        105.6882
    7.42865e-09   -2.150593e-06      0.01102399        65.04301
      -3269.231       -2692.308
