              0               0               0       -2692.308
   4.042177e-08   -6.781484e-06      -0.9910376       -272.6068
   4.556524e-07   -5.354469e-05       0.1335277       -9.744514
       1098.378        1128.862
  -2.010353e-27    7.350966e-25               1       -2692.308
   3.504225e-08   -8.281714e-06     -0.05701712        -302.823
   3.610161e-08   -2.988279e-05     -0.03842413       -5.710878
      -2692.308       -2115.385
              0               0               0       -2115.385
     4.6875e-09   -2.966231e-06       -0.997416        -298.328
   3.080263e-07   -4.683128e-05       0.0717389        -33.2548
       1207.101        1240.601
  -2.010353e-27    7.350966e-25               1       -2692.308
    3.13563e-08   -6.742331e-06     -0.05113027       -272.6068
    3.16636e-08   -2.555518e-05     -0.03654671       -9.744514
      -2692.308       -2115.385
