              0               0               0        557.6923
  -7.206767e-06    -0.004327792       0.4286735        104.1594
   1.524713e-05    -0.002080077      -0.9036119        93.38005
       270.0643        285.9505
   2.146718e-21   -7.814377e-19               1        557.6923
   3.054524e-06    0.0004136098    -0.001652508        109.8482
   1.939637e-06   -0.0008413462     -0.03140665        78.56132
       557.6923        711.5385
              0               0               0        711.5385
   1.446422e-05     -0.00410528       0.5644729        122.0909
    2.26863e-05    -0.002766954      -0.8249414        75.45669
       286.4592        303.3098
   2.146718e-21   -7.814377e-19               1        557.6923
   2.463355e-06    0.0003849084   -0.0009660521        104.1594
   6.530578e-07   -0.0007330631     -0.01917989        93.38005
       557.6923        711.5385
