              0               0               0        307.6923
   1.964733e-05    -0.001653964      -0.9488738        52.58357
  -1.198443e-05      0.00493312      -0.3129519       -75.03747
       -203.649       -186.6783
  -1.867855e-21    6.194539e-19               1        307.6923
  -3.976487e-07     9.74741e-05     0.003132792        36.10015
   1.019571e-06   -0.0002871326     -0.04581037       -78.98631
       307.6923        557.6923
              0               0               0        557.6923
   1.848622e-05    -0.002089846       -0.920179        55.58145
   6.751067e-06     0.004913657      -0.3920678       -86.68444
       -236.669       -216.9466
  -1.867855e-21    6.194539e-19               1        307.6923
  -6.753556e-07    0.0001591871      0.01440446        52.58357
   8.054915e-07   -0.0002331448     -0.03864489       -75.03747
       307.6923        557.6923
