              0               0               0        557.6923
    3.01791e-06     0.003965291       0.4446385       -74.10051
  -1.463705e-05    -0.002073568       0.8958172        91.61797
       47.65841        63.54455
   2.146718e-21   -7.814377e-19               1        557.6923
   1.626482e-06   -0.0001960112     -0.01720415        -66.0241
   5.020333e-07   -0.0006638718     -0.02717969        105.2671
       557.6923        711.5385
              0               0               0        711.5385
   9.341493e-07     0.003288347       0.5323066       -77.29548
  -9.737721e-06    -0.002191819       0.8473654        73.59106
       50.55163        67.40217
   2.146718e-21   -7.814377e-19               1        557.6923
   1.193363e-06   -0.0002186188     -0.01537893       -74.10051
   1.269604e-06   -0.0007343456     -0.03424843        91.61797
       557.6923        711.5385
