              0               0               0       -4423.077
   -3.40708e-06    0.0002626107       0.9932241       -38.99657
  -1.707643e-06    -0.002183264       0.1149891         71.6728
       236.3104        257.7932
   2.831483e-29     1.28761e-41               1       -4423.077
    3.63512e-10    -6.32716e-07     -0.01033454       -17.57195
   2.122707e-10   -4.298448e-07      0.01009489        73.11855
      -4423.077       -3846.154
              0               0               0       -3846.154
  -2.679516e-06    0.0002421502       0.9926105        -48.0887
   1.054322e-06     -0.00199405       0.1193984        77.09665
       269.3769        293.8657
   2.831483e-29     1.28761e-41               1       -4423.077
     3.7282e-10   -6.270038e-07     -0.01552204       -38.99657
  -1.001277e-09   -1.545433e-07     0.009823769         71.6728
      -4423.077       -3846.154
