              0               0               0        711.5385
  -4.078958e-06     0.003335569       0.6439231       -67.38766
  -1.999827e-05    -0.002684077       0.7652039        87.20069
       67.40217        84.25271
  -5.749011e-22    2.093553e-19               1        711.5385
  -2.566929e-06    0.0007182035      0.06724749       -55.60962
   5.144112e-06   -0.0006851512      -0.2201715        99.23699
       711.5385        865.3846
              0               0               0        865.3846
  -4.178245e-06    0.0006666979       0.9423146       -56.30148
  -7.654446e-06    -0.001257997       0.3275821        62.00081
       78.38121        97.97652
  -5.749011e-22    2.093553e-19               1        711.5385
  -2.165255e-06    0.0005546727      0.03797454       -67.38766
   4.161127e-06   -0.0004321641      -0.1958006        87.20069
       711.5385        865.3846
