              0               0               0       -865.3846
  -3.554344e-06    0.0001738497      -0.9811376       -201.0286
   -1.82785e-05    0.0008825963       0.1928346        18.62702
       811.8583        833.2084
   1.194898e-23   -1.163587e-21               1       -865.3846
  -7.022128e-06     0.001078591       0.6931898       -221.9314
   1.649055e-06     -0.00128211       0.1128431        22.96848
      -865.3846       -711.5385
              0               0               0       -711.5385
   1.126396e-05     0.002855064      -0.5954186       -106.2097
  -6.526817e-06     0.002229757       0.8027425        1.949036
       635.4791        652.2268
   1.194898e-23   -1.163587e-21               1       -865.3846
  -5.961978e-06    0.0008474815       0.6270534       -201.0286
   3.067033e-06     -0.00163771      0.07095589        18.62702
      -865.3846       -711.5385
