              0               0               0        2115.385
  -1.183507e-06    -7.82343e-05       0.9982318        52.63352
  -3.498167e-07    -0.001316036     -0.05897159        94.46473
       236.3416        270.1047
   9.672408e-26   -1.320394e-22               1        2115.385
  -1.160924e-09    5.354794e-06     -0.01974517        86.20217
   3.125738e-09   -8.419238e-06    0.0005824788           90.96
       2115.385        2692.308
              0               0               0        2692.308
  -1.551766e-06    1.052595e-05        1.000032         45.6649
   -2.15297e-06    -0.001390925     0.006277514        90.27786
       215.1753        245.9146
   9.672408e-26   -1.320394e-22               1        2115.385
  -1.679795e-09     6.28198e-06     -0.01514406        52.63352
   2.128014e-09   -4.598567e-06     -0.00531252        94.46473
       2115.385        2692.308
