              0               0               0               0
  -5.761664e-06    -0.004021649       0.4555675        116.2327
   1.300083e-05    -0.002057512      -0.8903983        76.57784
       289.7501        306.7942
   8.523301e-22   -1.673124e-19               1               0
  -3.798448e-07    0.0001007484     0.003300317        122.8006
   7.232225e-07   -0.0002225742   -0.0007676447        60.86844
              0        307.6923
              0               0               0        307.6923
   2.946082e-06     -0.00430212       0.4653912        115.6169
   1.833562e-05    -0.002307923      -0.8842417        76.20657
       288.4522          305.42
   8.523301e-22   -1.673124e-19               1               0
  -3.579161e-07    9.893531e-05     0.001442426        116.2327
   6.789182e-07   -0.0002150532    0.0006872926        76.57784
              0        307.6923
