              0               0               0       -1173.077
  -2.168182e-05    0.0004788848        1.009906        116.1619
   4.827925e-06   -0.0009882608    -0.005752915        107.4301
       609.8008        645.6714
    7.61619e-25   -4.849574e-23               1       -1173.077
  -3.962798e-07   -3.251178e-05     -0.02494942        152.0033
   1.621221e-06   -0.0006936374      -0.1306073         106.175
      -1173.077       -1019.231
              0               0               0       -1019.231
  -3.325313e-05    0.0004078006       0.9957053        118.1835
   1.088468e-05    -0.001236774      -0.1687656        81.09137
       481.4177        509.7364
    7.61619e-25   -4.849574e-23               1       -1173.077
  -9.862649e-07    0.0001376821      0.01530239        116.1619
   9.408417e-07   -0.0005562142      -0.1078989        107.4301
      -1173.077       -1019.231
