              0               0               0       -4423.077
  -1.172682e-06   -8.091573e-05       0.9950417       -228.3875
   2.714096e-06    0.0008816196      0.09977846         33.6336
       42.96553         64.4483
   2.831483e-29     1.28761e-41               1       -4423.077
   -3.49363e-10   -6.843629e-08     -0.05519338       -207.0603
  -6.708601e-10   -1.744684e-06    -0.003189833         36.2109
      -4423.077       -3846.154
              0               0               0       -3846.154
  -9.637998e-07   -8.491441e-05       0.9933864       -263.2542
   2.254925e-06    0.0007844812       0.1151045        30.33875
       48.97762        73.46643
   2.831483e-29     1.28761e-41               1       -4423.077
   -4.33123e-10   -1.696268e-08     -0.06028165       -228.3875
  -5.885787e-10   -1.958711e-06    -0.004385145         33.6336
      -4423.077       -3846.154
