              0               0               0       -1019.231
  -1.699216e-06    0.0001372608       0.9960023        5.331493
   1.620165e-06    -0.001493564      0.08993051        86.56527
       368.1429        396.4616
   -3.17765e-24    3.030207e-22               1       -1019.231
   2.521665e-06   -0.0005211852       0.1365286        33.60846
   5.091213e-06    -0.000640311       -0.139925        87.95102
      -1019.231       -865.3846
              0               0               0       -865.3846
  -2.283483e-06   -0.0001044962       0.9985389        30.18279
   2.361125e-06    -0.001903293     -0.05405969        71.81002
       277.9119        299.2898
   -3.17765e-24    3.030207e-22               1       -1019.231
   2.703289e-06   -0.0005581419       0.1834182        5.331493
   5.744684e-06   -0.0008047648       -0.108068        86.56527
      -1019.231       -865.3846
