              0               0               0        2115.385
   4.608749e-07   -4.439273e-05      -0.9965481         405.851
  -5.692948e-06    0.0005581408     -0.08223141       -30.94366
      -606.6808       -572.9763
   9.672408e-26   -1.320394e-22               1        2115.385
   6.942797e-09   -1.466883e-05     -0.04353507        372.2301
   2.236754e-08   -4.696926e-05      0.06538028       -33.29916
       2115.385        2692.308
              0               0               0        2692.308
   9.665246e-07   -8.725297e-05      -0.9890891        373.9698
  -6.509441e-06    0.0005954541      -0.1467916       -2.786123
      -552.3452       -521.6593
   9.672408e-26   -1.320394e-22               1        2115.385
   7.675025e-09   -1.536853e-05     -0.04894892         405.851
   2.265664e-08   -5.063352e-05        0.070477       -30.94366
       2115.385        2692.308
