              0               0               0       -1538.462
   4.677001e-07   -0.0001565457       0.8973256       -291.2772
  -1.054334e-06    0.0003171827       0.4413584       -23.74027
       182.9824        219.5789
  -5.358563e-26    1.024235e-23               1       -1538.462
    1.27275e-06   -0.0001453178     -0.08396533       -258.6249
   1.560921e-06    -0.000273907      -0.1603193       -7.214981
      -1538.462       -1173.077
              0               0               0       -1173.077
   2.950676e-07   -0.0001648555       0.8617842       -277.3336
  -5.960539e-07    0.0002795701       0.5072312       -44.74501
       179.3532        215.2238
  -5.358563e-26    1.024235e-23               1       -1538.462
   1.336519e-06   -0.0001480445     -0.08617859       -291.2772
    1.75933e-06   -0.0003052248      -0.1808432       -23.74027
      -1538.462       -1173.077
