              0               0               0       -3846.154
  -3.356897e-06    0.0001096609      -0.9552515       -288.6748
  -1.354046e-05    0.0003448729        0.296254        20.91743
       956.3316        980.8871
  -1.415742e-28    4.900644e-26               1       -3846.154
   3.250548e-09   -9.846885e-07     -0.07115319       -312.1151
  -6.490695e-10   -3.317494e-06    -0.009007914        28.19957
      -3846.154       -3269.231
              0               0               0       -3269.231
  -1.722226e-06   -3.230175e-05      -0.9813667       -325.8465
  -9.792869e-06    -0.000203959       0.1915333        16.86873
       1072.222        1099.696
  -1.415742e-28    4.900644e-26               1       -3846.154
  -1.862693e-11    2.262795e-06     -0.06573027       -288.6748
  -1.486601e-08    1.155112e-05    -0.008733841        20.91743
      -3846.154       -3269.231
