              0               0               0       -2115.385
  -1.934099e-06   -4.358379e-05       0.9965023        53.62917
   1.376887e-06   -0.0008393536     -0.09167916        92.60981
       503.3205        536.8752
   7.503431e-27   -2.744361e-24               1       -2115.385
  -4.300528e-08    5.990819e-06     0.005959042        86.94436
   3.576043e-08   -5.126064e-06       0.0158212        88.64052
      -2115.385       -1538.462
              0               0               0       -1538.462
  -1.771285e-06    5.732167e-05        1.000149        47.52637
   1.114993e-06   -0.0007842402      0.03394693        102.6822
       548.9472        585.5436
   7.503431e-27   -2.744361e-24               1       -2115.385
  -5.631459e-08    1.093434e-05     0.001857311        53.62917
   1.690478e-08   -2.819463e-06      0.01345875        92.60981
      -2115.385       -1538.462
