              0               0               0       -1019.231
   3.632663e-07   -0.0001896057       0.9417635        -234.348
  -1.589931e-06    0.0005370662       0.3361496         2.98222
       113.2748        141.5934
   -3.17765e-24    3.030207e-22               1       -1019.231
   2.588624e-06   -0.0004716371       0.4709881       -207.8223
   7.678448e-06    -0.001805174        0.272766        12.89613
      -1019.231       -865.3846
              0               0               0       -865.3846
   1.380404e-07   -0.0001335296       0.9809871       -158.0113
  -1.934982e-06     0.000671897       0.1941031         35.6562
       85.51136        106.8892
   -3.17765e-24    3.030207e-22               1       -1019.231
   2.659087e-06   -0.0004670085       0.5050992        -234.348
   7.102302e-06    -0.001849903       0.3288796         2.98222
      -1019.231       -865.3846
