              0               0               0        1019.231
   9.106456e-08    4.111672e-06       -0.997232        225.9248
  -1.146867e-06    -5.29844e-05     -0.07434601       -18.73138
       -397.743       -371.2268
  -3.664376e-23    1.457923e-20               1        1019.231
  -1.295544e-06   -0.0001147658       0.3864619        199.4866
   3.688536e-06    -0.000661974      -0.3285944       -20.76139
       1019.231        1173.077
              0               0               0        1173.077
   3.533524e-08   -7.448462e-06      -0.9971558        285.0499
   4.238707e-07   -9.904484e-05      0.07528044       -75.98701
      -504.4503       -470.8203
  -3.664376e-23    1.457923e-20               1        1019.231
  -1.546216e-06   -0.0001085612       0.4376115        225.9248
   4.117493e-06   -0.0007574542      -0.3530857       -18.73138
       1019.231        1173.077
