              0               0               0        3846.154
  -1.186587e-08   -3.506294e-05      -0.9799644        234.0535
  -3.244314e-09     0.000182462      -0.1993153       -4.332908
      -371.8252       -347.0369
  -1.362311e-27    2.357846e-24               1        3846.154
   6.100938e-09   -8.672468e-06     -0.03886341        209.7401
  -3.817976e-08    5.147054e-05     0.008542504       -9.161538
       3846.154        4423.077
              0               0               0        4423.077
   1.066555e-07    1.811592e-05      -0.9797805        206.8051
  -4.675637e-07   -8.892696e-05      -0.2000794        9.944733
      -324.7274       -303.0789
  -1.362311e-27    2.357846e-24               1        3846.154
    6.47821e-09   -9.157086e-06     -0.04410392        234.0535
  -3.733663e-08    5.015355e-05     0.008240301       -4.332908
       3846.154        4423.077
