              0               0               0        307.6923
   2.103325e-05    -0.002822522      -0.8134501         82.7159
  -1.351726e-05     0.004068788      -0.5804635       -59.70959
      -237.5905       -220.6198
  -1.867855e-21    6.194539e-19               1        307.6923
  -8.645943e-07    0.0001999089      0.02236069        68.20094
    4.56762e-07   -0.0001489417     -0.02590543       -68.45472
       307.6923        557.6923
              0               0               0        557.6923
   7.303891e-06    -0.003606178      -0.6826407        87.58614
   1.748281e-05     0.003398028      -0.7308311       -64.14513
      -276.1139       -256.3914
  -1.867855e-21    6.194539e-19               1        307.6923
   -9.21805e-07    0.0002075554       0.0252049         82.7159
   4.841824e-09   -3.719701e-05    -0.008745543       -59.70959
       307.6923        557.6923
