              0               0               0       -3269.231
   7.613358e-06   -0.0003723773       0.9690497        79.15207
  -7.298053e-06   -0.0008004011      -0.2356813        72.28457
       440.1748        467.6858
   5.379818e-28   -1.960258e-25               1       -3269.231
   -1.72499e-09   -1.381424e-06      0.01550303        105.6882
    7.42865e-09   -2.150593e-06      0.01102399        65.04301
      -3269.231       -2692.308
              0               0               0       -2692.308
    6.16834e-06   -0.0003105977       0.9762007        84.15033
  -5.561411e-06   -0.0007459172      -0.2044953        79.21083
       488.5041        519.0356
   5.379818e-28   -1.960258e-25               1       -3269.231
  -2.907592e-09   -1.145772e-06      0.01029245        79.15207
   5.752793e-09   -2.427351e-06      0.01149116        72.28457
      -3269.231       -2692.308
