              0               0               0       -1173.077
   1.024121e-06   -0.0002951835       0.8915565       -340.1152
  -2.235318e-06    0.0005719402       0.4529124       -79.43676
       107.6119        143.4825
    7.61619e-25   -4.849574e-23               1       -1173.077
  -4.021042e-06     0.001388857       0.3632763       -308.4671
  -7.920617e-06     0.001805766       0.3356699       -62.55776
      -1173.077       -1019.231
              0               0               0       -1019.231
   2.006194e-07   -0.0002066495        0.952985       -261.1741
  -1.168707e-06    0.0006363549       0.3029198       -6.079855
       84.95606        113.2748
    7.61619e-25   -4.849574e-23               1       -1173.077
  -4.203129e-06     0.001467091       0.3868933       -340.1152
  -8.360293e-06     0.001984226        0.369431       -79.43676
      -1173.077       -1019.231
