              0               0               0        3846.154
   1.085548e-06    0.0001566936       0.9793207       -10.60833
  -6.690861e-06    -0.000967111        0.206045        71.54016
        123.423        148.1076
  -1.362311e-27    2.357846e-24               1        3846.154
   1.295368e-09   -1.519996e-06    0.0001504251        13.67761
  -2.677332e-09    3.692488e-06     -0.01072485        75.93637
       3846.154        4423.077
              0               0               0        4423.077
    1.45353e-06    0.0001979785       0.9773911       -7.792258
  -8.277607e-06      -0.0011694       0.2150395        66.43552
       108.4089        130.0907
  -1.362311e-27    2.357846e-24               1        3846.154
   1.478664e-09   -1.813248e-06     0.005435142       -10.60833
  -3.369219e-09     4.86418e-06     -0.01053288        71.54016
       3846.154        4423.077
