              0               0               0       -3846.154
  -3.685959e-06   -0.0001683757       0.9793514        49.23468
   1.401798e-06    -0.001033026      -0.2058169        71.29617
       367.3321        391.8209
  -1.415742e-28    4.900644e-26               1       -3846.154
  -1.197581e-09    9.269648e-07      0.01041868        73.06272
  -4.217757e-09    4.872614e-06      0.01008043        65.65704
      -3846.154       -3269.231
              0               0               0       -3269.231
   -2.62177e-06   -0.0001559953       0.9835857        52.26537
   3.157368e-06    -0.001060987      -0.1844727        78.09685
       412.6639        440.1748
  -1.415742e-28    4.900644e-26               1       -3846.154
  -9.153262e-10    7.046712e-07     0.005151307        49.23468
  -4.043606e-09    4.376632e-06      0.01060874        71.29617
      -3846.154       -3269.231
