              0               0               0           -5000
   5.496254e-07   -2.196046e-05      -0.9996962        4.743993
  -3.047877e-07     0.001149394     -0.02578462       -7.659263
       498.3635        516.8018
   2.831483e-29   -4.900644e-26               1           -5000
  -2.585884e-10    1.046814e-06    -0.009072603       -13.69274
   1.155109e-08   -2.445301e-05   -0.0005744489       -7.745838
          -5000       -4423.077
              0               0               0       -4423.077
   5.751099e-07   -3.502057e-05      -0.9992705        2.807191
   1.076474e-06    0.0009899166     -0.03957233       -13.61534
       579.7393        601.1798
   2.831483e-29   -4.900644e-26               1           -5000
  -5.323367e-10    1.636008e-06    -0.004123791        4.743993
   8.767351e-09   -1.846806e-05    -0.002587337       -7.659263
          -5000       -4423.077
