              0               0               0        307.6923
   1.271557e-05     0.002131622        -0.89159        -29.8681
  -8.479084e-06     0.004195565       0.4535636       -68.61144
      -118.7953       -101.8245
  -1.867855e-21    6.194539e-19               1        307.6923
   8.200785e-07   -0.0001817208     -0.04340083       -44.32298
   2.110044e-07    -0.000103396    -0.005957171       -59.74721
       307.6923        557.6923
              0               0               0        557.6923
   8.146787e-06     0.002874884      -0.8288928       -38.54999
  -1.754649e-05     0.004303394       0.5589444       -76.96485
      -138.0569       -118.3345
  -1.867855e-21    6.194539e-19               1        307.6923
   7.158938e-07   -0.0001576229     -0.04006522        -29.8681
   5.719094e-07   -0.0001888071      -0.0219562       -68.61144
       307.6923        557.6923
