              0               0               0       -865.3846
  -2.283483e-06   -0.0001044962       0.9985389        30.18279
   2.361125e-06    -0.001903293     -0.05405969        71.81002
       277.9119        299.2898
   1.194898e-23   -1.163587e-21               1       -865.3846
  -3.855898e-06    0.0006426603       0.1552171        51.45933
  -3.878454e-06      0.00170948      0.02456245        69.80758
      -865.3846       -711.5385
              0               0               0       -711.5385
  -6.925084e-06    -0.001464759       0.9320013        61.38466
   7.227634e-06    -0.003671483      -0.3624211        106.9679
       217.1127        233.8137
   1.194898e-23   -1.163587e-21               1       -865.3846
  -4.516574e-06    0.0006895301       0.2036318        30.18279
  -4.554074e-06     0.001846628      0.05221859        71.81002
      -865.3846       -711.5385
