              0               0               0        557.6923
   -1.42769e-05     0.002917718       0.8003518       -44.00783
  -4.376534e-06    -0.003978534       0.5993804        128.0005
       95.31683         111.203
   2.146718e-21   -7.814377e-19               1        557.6923
   2.157904e-06   -8.603519e-05     -0.01744788       -30.61423
  -1.222649e-06   -0.0005280512     -0.01269138        136.5007
       557.6923        711.5385
              0               0               0        711.5385
   5.201413e-06     0.001893292       0.8374955       -42.15194
  -3.345049e-05    -0.002861937       0.5472243        109.3495
       101.1033        117.9538
   2.146718e-21   -7.814377e-19               1        557.6923
   2.063246e-06   -0.0001239928      -0.0176951       -44.00783
  -7.148463e-07   -0.0005675967     -0.01698927        128.0005
       557.6923        711.5385
