              0               0               0        711.5385
   1.170864e-05   -7.085693e-05       -1.000162        23.51175
   2.120898e-06     0.004180525     -0.02207329       -73.16427
      -168.6833        -151.815
  -5.749011e-22    2.093553e-19               1        711.5385
  -3.080033e-06    0.0009154591       0.1597665        6.676727
  -8.123748e-06     0.001489365       0.3065042        -72.3369
       711.5385        865.3846
              0               0               0        865.3846
   4.376695e-06   -0.0003234525      -0.9913471        61.22245
  -1.121178e-05     0.002469271      -0.1281739       -17.86471
       -195.923       -176.3307
  -5.749011e-22    2.093553e-19               1        711.5385
   -3.29408e-06     0.001105893       0.1529486        23.51175
  -8.601875e-06     0.001559742       0.3230815       -73.16427
       711.5385        865.3846
