              0               0               0       -2692.308
   0.0004861604      -0.0394166      0.07155101         196.182
   0.0001249614    -0.004185934      -0.6828773        35.72422
       610.6301        641.1143
  -2.010353e-27    7.350966e-25               1       -2692.308
  -9.741484e-09    3.461138e-06      0.02899637        175.5061
   -1.26278e-08    1.526782e-05      0.01173546        14.55728
      -2692.308       -2115.385
              0               0               0       -2115.385
   0.0003934299     -0.03544397       0.1128864        212.7207
   0.0001288601    -0.006044049      -0.6770676        48.60508
        671.094        704.5944
  -2.010353e-27    7.350966e-25               1       -2692.308
   -1.03162e-08    2.393728e-06      0.03071972         196.182
  -1.646391e-08    1.769439e-05      0.01759838        35.72422
      -2692.308       -2115.385
