              0               0               0               0
   5.795037e-06    -0.003985214      -0.4597127        116.2447
   1.168403e-05     0.002089743      -0.8885762       -21.83994
       392.0196        409.0653
   8.523301e-22   -1.673124e-19               1               0
   2.097938e-07   -8.388783e-05     0.004196262        107.2794
   3.741671e-07   -0.0001328792     0.006757565        -36.3213
              0        307.6923
              0               0               0        307.6923
  -6.685443e-06     -0.00362161      -0.4605724        115.6319
   1.924983e-05     0.001863747      -0.8872136       -21.49678
      -288.5028        -271.532
   8.523301e-22   -1.673124e-19               1               0
   4.728469e-08   -3.237079e-05     0.003491866        116.2447
   5.409119e-07    -0.000174872      0.00371143       -21.83994
              0        307.6923
