              0               0               0       -1173.077
   4.827532e-07   -0.0002688173      -0.9650404       -49.36928
   1.919531e-06    0.0009667399      -0.2619554       -68.18316
        1039.67        1075.477
    7.61619e-25   -4.849574e-23               1       -1173.077
  -7.752369e-07    0.0003360806       0.1151474       -84.24641
  -1.926115e-06    0.0008387537       0.1726698       -76.23526
      -1173.077       -1019.231
              0               0               0       -1019.231
   1.249774e-06    -0.000137672      -0.9946542       -33.20036
   4.123408e-06     0.001226206      -0.1034285       -34.98138
       820.7922         849.061
    7.61619e-25   -4.849574e-23               1       -1173.077
  -4.810696e-07    0.0002140792      0.08354895       -49.36928
  -1.378393e-06    0.0006783712       0.1440714       -68.18316
      -1173.077       -1019.231
