              0               0               0           -5000
    -0.00139869      0.01149226        1.026022        112.3378
   0.0001052309     -0.00770708      -0.5111852        35.47646
       350.8306        369.2954
   2.831483e-29   -4.900644e-26               1           -5000
   1.142238e-10   -2.185735e-07      0.03044805        126.3958
   1.760702e-10    6.811779e-07     0.001530472        24.07232
          -5000       -4423.077
              0               0               0       -4423.077
   -0.001037148     0.009928835        1.032352         127.434
   5.922416e-05    -0.006403497      -0.4957935        38.23493
       408.1726        429.6553
   2.831483e-29   -4.900644e-26               1           -5000
   5.650875e-10   -1.361782e-06      0.02676426        112.3378
    1.70834e-09   -2.560724e-06     0.005690074        35.47646
          -5000       -4423.077
