              0               0               0       -1173.077
     7.9019e-05    -0.001854337       0.9605678        152.0033
  -1.287756e-05   -0.0004687186     -0.05801569         106.175
       645.6714         681.542
    7.61619e-25   -4.849574e-23               1       -1173.077
   2.556662e-07   -0.0002120762     -0.06680271        187.7206
   2.303234e-06   -0.0008249106      -0.1516468        102.8965
      -1173.077       -1019.231
              0               0               0       -1019.231
   0.0001213186    -0.002417254       0.9388002        145.9525
  -3.819622e-05   -0.0003120548      -0.2126264        75.56751
       509.7364        538.0551
    7.61619e-25   -4.849574e-23               1       -1173.077
  -3.962798e-07   -3.251178e-05     -0.02494942        152.0033
   1.621221e-06   -0.0006936374      -0.1306073         106.175
      -1173.077       -1019.231
