              0               0               0       -1173.077
   2.904571e-08    6.610287e-06       -0.992198       -261.8529
  -1.696176e-07   -5.292428e-05      -0.1246403       -98.58442
       1254.509        1290.315
    7.61619e-25   -4.849574e-23               1       -1173.077
  -3.116123e-06      0.00117827       0.3247325       -297.3702
  -5.764259e-06     0.001777743       0.3356047        -103.123
      -1173.077       -1019.231
              0               0               0       -1019.231
   3.704098e-08    -3.69904e-06      -0.9992351       -202.6209
   7.037451e-07   -9.211401e-05      0.03897404       -31.44834
       990.4046        1018.673
    7.61619e-25   -4.849574e-23               1       -1173.077
  -2.680205e-06     0.001035151       0.2891911       -261.8529
  -5.022253e-06     0.001614175       0.3069197       -98.58442
      -1173.077       -1019.231
