              0               0               0       -1173.077
   3.176027e-08   -0.0002411818      -0.9003202        84.26726
  -5.029625e-07     0.000578477      -0.4368414       -17.19019
       896.4447        932.2511
    7.61619e-25   -4.849574e-23               1       -1173.077
   2.077381e-07   -9.406412e-05   -0.0006648526        51.72226
   1.972841e-07    0.0001686229      0.05000529       -32.11334
      -1173.077       -1019.231
              0               0               0       -1019.231
   -1.47593e-07   -0.0001831677      -0.9585606        77.39704
  -5.071064e-07    0.0007656305      -0.2873254       -12.18882
       707.7174        735.9861
    7.61619e-25   -4.849574e-23               1       -1173.077
   4.039686e-07   -0.0001826681     -0.02611504        84.26726
   6.683817e-07   -4.509205e-06      0.01738292       -17.19019
      -1173.077       -1019.231
