              0               0               0        557.6923
   1.848622e-05    -0.002089846       -0.920179        55.58145
   6.751067e-06     0.004913657      -0.3920678       -86.68444
       -236.669       -216.9466
   2.146718e-21   -7.814377e-19               1        557.6923
   3.233314e-06   -0.0002007625      -0.0226893        36.76222
    2.55477e-06    0.0004775456     0.001792878       -92.45389
       557.6923        711.5385
              0               0               0        711.5385
    4.37329e-06    -0.001022965      -0.9546658        56.66705
   2.439481e-05     0.003261813      -0.2993037       -67.56891
        -202.42       -185.5517
   2.146718e-21   -7.814377e-19               1        557.6923
   3.934441e-06   -0.0003473296     -0.03263117        55.58145
   3.015202e-06    0.0003709738    -0.004187637       -86.68444
       557.6923        711.5385
