              0               0               0        1019.231
   7.865947e-07    0.0001200203       -0.986528        14.60742
   7.836939e-07    0.0007480366       0.1638925        -21.6928
      -185.6134       -159.0972
  -3.664376e-23    1.457923e-20               1        1019.231
   2.443837e-07   -4.604294e-05    -0.003382014        -11.4525
   3.300005e-07   -4.828078e-06     -0.08071345       -16.80643
       1019.231        1173.077
              0               0               0        1173.077
   2.857405e-07    0.0002009174      -0.9503149        19.54831
  -4.440718e-07    0.0006271657       0.3112846       -39.29745
      -235.4102       -201.7801
  -3.664376e-23    1.457923e-20               1        1019.231
   1.087186e-07   -6.220627e-05      0.03911275        14.60742
   7.545659e-07   -7.487007e-05      -0.1207713        -21.6928
       1019.231        1173.077
