              0               0               0       -2692.308
  -8.194413e-05     0.005044057      -0.9762692        175.5061
  -7.283127e-05     0.007242119      -0.5897119        14.55728
       641.1143        671.5986
  -2.010353e-27    7.350966e-25               1       -2692.308
  -7.991326e-09    3.804953e-06      0.02515392        148.1113
  -9.439524e-09    1.256213e-05     0.006835048        1.247178
      -2692.308       -2115.385
              0               0               0       -2115.385
  -6.274582e-05     0.004096222      -0.9372761        191.5162
  -6.550009e-05     0.006906549      -0.6481735        23.98466
       704.5944        738.0948
  -2.010353e-27    7.350966e-25               1       -2692.308
  -9.741484e-09    3.461138e-06      0.02899637        175.5061
   -1.26278e-08    1.526782e-05      0.01173546        14.55728
      -2692.308       -2115.385
