              0               0               0        557.6923
   4.798991e-06    -0.004551421      -0.1691777         113.058
   1.094308e-05    0.0008559208       -0.985929       -11.68485
      -335.2811       -315.5587
   2.146718e-21   -7.814377e-19               1        557.6923
   4.834066e-06   -0.0003055476     -0.03678552        107.9879
   5.608875e-06   -0.0005500417     -0.05312587       -30.71287
       557.6923        711.5385
              0               0               0        711.5385
  -1.954171e-05    -0.002787884      -0.5506579        122.8748
   2.919522e-05     0.001812083      -0.8353401       -18.04601
      -286.7617       -269.8933
   2.146718e-21   -7.814377e-19               1        557.6923
   4.582374e-06   -0.0001101159     -0.02770846         113.058
   5.942587e-06   -0.0007746466      -0.0628241       -11.68485
       557.6923        711.5385
