              0               0               0        1173.077
   3.646288e-07      0.00016413      -0.9625914        51.72078
   6.025568e-07    0.0005663737       0.2711458       -49.07957
      -269.0402       -235.4102
   2.578164e-24   -2.333275e-21               1        1173.077
   2.185215e-09   -1.202844e-05      0.02769202        19.54831
  -2.438405e-07    0.0002733911     -0.09022958       -39.29745
       1173.077        1538.462
              0               0               0        1538.462
   1.995703e-07     0.000151192      -0.9662405        63.43125
   1.029082e-07    0.0005537314       0.2577951       -57.87853
      -293.7379       -257.0207
   2.578164e-24   -2.333275e-21               1        1173.077
   7.650302e-08   -9.571119e-05      0.05680749        51.72078
  -3.601503e-07    0.0003949351      -0.1203024       -49.07957
       1173.077        1538.462
