              0               0               0        1538.462
   3.294153e-07   -1.150197e-05       -0.999198        465.1737
   5.796271e-06   -0.0001491452      0.03678189       -92.23899
      -697.6275       -660.9103
  -3.610124e-25    4.927898e-22               1        1538.462
   2.545834e-09   -1.977478e-05     -0.02867393        428.4867
   1.221865e-08   -7.178119e-05       0.1411009       -90.80261
       1538.462        2115.385
              0               0               0        2115.385
  -5.252113e-07    8.713201e-06      -0.9953455        439.4088
   7.290682e-06   -0.0001790453     -0.09500863        -27.8172
      -640.3853       -606.6808
  -3.610124e-25    4.927898e-22               1        1538.462
   1.161692e-09   -1.828413e-05     -0.03449712        465.1737
   1.505567e-08   -8.003979e-05       0.1528301       -92.23899
       1538.462        2115.385
