              0               0               0        1019.231
   1.306672e-06   -0.0004747802       0.9707722        79.22877
   1.050094e-05    -0.001892844      -0.2392078        75.87038
       239.0339        265.5932
  -3.664376e-23    1.457923e-20               1        1019.231
  -2.004424e-06    0.0001931178       0.3120439        104.7014
   2.499888e-06   -0.0007937377      -0.0102851        68.37871
       1019.231        1173.077
              0               0               0        1173.077
   1.296901e-06   -0.0005685277       0.9240157        119.4556
   5.299503e-06    -0.001364933      -0.3818825        71.31978
       303.1107        336.7897
  -3.664376e-23    1.457923e-20               1        1019.231
  -1.963085e-06    0.0002372923       0.2714317        79.22877
    2.03342e-06   -0.0007118316      0.03180535        75.87038
       1019.231        1173.077
