              0               0               0        865.3846
   9.422154e-07    0.0001070677      -0.9971714        2.554886
  -4.049733e-06     0.001418377      0.07507636       -18.80968
      -137.1461       -117.5538
   1.528862e-22   -5.598364e-20               1        865.3846
   1.348916e-06   -0.0006686194        0.106566       -16.93381
   3.383794e-06    -0.001566579       0.1610415       -16.82476
       865.3846        1019.231
              0               0               0        1019.231
   7.865947e-07    0.0001200203       -0.986528        14.60742
   7.836939e-07    0.0007480366       0.1638925        -21.6928
      -185.6134       -159.0972
   1.528862e-22   -5.598364e-20               1        865.3846
   1.253073e-06   -0.0006405478       0.1472288        2.554886
   3.824153e-06    -0.001839864       0.1738032       -18.80968
       865.3846        1019.231
