              0               0               0        3846.154
   9.444394e-07   -0.0001736674      -0.9909322        136.5091
   6.166081e-06     0.001194131      -0.1345177       -22.05814
      -272.6718       -247.8835
  -1.362311e-27    2.357846e-24               1        3846.154
   2.049885e-09   -3.223406e-06     -0.01805679        111.8532
  -2.606082e-08    3.536494e-05      0.01062247       -24.56494
       3846.154        4423.077
              0               0               0        4423.077
  -2.099944e-06   -0.0001511025      -0.9805211        122.0755
   1.987961e-05    0.0006821554      -0.1970672       -7.925183
      -238.1334       -216.4849
  -1.362311e-27    2.357846e-24               1        3846.154
   3.374694e-09   -5.018533e-06     -0.02324618        136.5091
  -3.211634e-08    4.355346e-05      0.01005973       -22.05814
       3846.154        4423.077
