              0               0               0               0
   1.380411e-05    -0.002705361      -0.8106378        83.20508
   3.775692e-06     0.003762764      -0.5854469       -60.26744
       443.1567        460.2025
   8.523301e-22   -1.673124e-19               1               0
   3.974349e-07   -0.0001669541      0.01222073        68.66949
  -1.870883e-07    2.375518e-05      0.01261349       -69.13481
              0        307.6923
              0               0               0        307.6923
   2.103325e-05    -0.002822522      -0.8134501         82.7159
  -1.351726e-05     0.004068788      -0.5804635       -59.70959
      -237.5905       -220.6198
   8.523301e-22   -1.673124e-19               1               0
   3.915357e-07   -0.0001538621     0.008683891        83.20508
  -9.365511e-09   -2.855193e-05       0.0114849       -60.26744
              0        307.6923
