              0               0               0       -865.3846
   1.012398e-06   -0.0001181431      -0.9946914        52.17911
      1.017e-06    0.0009728092      -0.1002665       -11.74842
       555.6573        577.0074
   1.194898e-23   -1.163587e-21               1       -865.3846
  -7.412918e-07    0.0005366238       0.1089803        30.89836
   7.112943e-06    -0.002028193      -0.1156743       -13.43579
      -865.3846       -711.5385
              0               0               0       -711.5385
   2.855033e-06    -0.001340517      -0.9096356        73.26337
   1.546431e-05     0.002957976      -0.4165315       -47.26218
       434.5061        451.2538
   1.194898e-23   -1.163587e-21               1       -865.3846
  -6.562683e-07    0.0005432649      0.06900144        52.17911
   6.674145e-06     -0.00177013      -0.1164797       -11.74842
      -865.3846       -711.5385
