              0               0               0               0
   1.266754e-05      0.00206061      -0.8908065       -29.84602
  -6.673697e-06       0.0040569       0.4542995       -69.11517
       562.4768        579.5225
   8.523301e-22   -1.673124e-19               1               0
  -1.305917e-07   -6.117459e-05       0.0313362       -44.36899
   -2.56692e-07    0.0001335505      -0.0152355        -60.2256
              0        307.6923
              0               0               0        307.6923
   1.271557e-05     0.002131622        -0.89159        -29.8681
  -8.479084e-06     0.004195565       0.4535636       -68.61144
      -118.7953       -101.8245
   8.523301e-22   -1.673124e-19               1               0
  -8.984354e-08   -7.469041e-05       0.0314158       -29.84602
  -3.644186e-07    0.0001475793    -0.009270706       -69.11517
              0        307.6923
