              0               0               0       -557.6923
  -6.184812e-06    -0.003872149       0.6241643        101.1913
    1.45431e-05    -0.003071115      -0.7816956        108.6291
       285.5472        303.3939
   8.804966e-23   -1.624172e-20               1       -557.6923
  -6.159345e-07    0.0002990969     -0.01295098        111.0621
    2.04235e-06    -0.001066121      0.07370301        93.78288
      -557.6923       -307.6923
              0               0               0       -307.6923
  -1.171797e-05     -0.00364689       0.5816151        107.9919
   1.006866e-05    -0.002599328      -0.8141147        92.28228
       276.5227        293.8054
   8.804966e-23   -1.624172e-20               1       -557.6923
  -6.778784e-07     0.000329177     -0.01272456        101.1913
   2.108231e-06    -0.001109145       0.0801347        108.6291
      -557.6923       -307.6923
