              0               0               0       -1173.077
   6.973189e-07   -6.934521e-05       0.8438343       -216.2339
  -1.098905e-06    0.0001085469       0.5366082       -7.155121
       251.0944        286.9651
    7.61619e-25   -4.849574e-23               1       -1173.077
  -3.579131e-06     0.001126852        0.279152       -186.0221
  -5.617516e-06      0.00104925       0.1890296         12.1823
      -1173.077       -1019.231
              0               0               0       -1019.231
   9.342884e-07   -7.077793e-05       0.9194876       -155.4405
   -2.19159e-06    0.0001651758        0.393116        34.42766
       198.2308        226.5495
    7.61619e-25   -4.849574e-23               1       -1173.077
  -3.661544e-06     0.001187265       0.2991648       -216.2339
  -6.274957e-06      0.00124495        0.227277       -7.155121
      -1173.077       -1019.231
