              0               0               0       -557.6923
    1.78139e-06     0.004548616      -0.1614552       -75.27913
  -1.433161e-05    0.0007418239       0.9872346       -8.734309
       689.2987        706.7916
   8.804966e-23   -1.624172e-20               1       -557.6923
   1.759671e-06   -0.0009406726      0.07448726       -76.70203
  -2.118807e-06     0.001132196     -0.07601786        8.685554
      -557.6923       -307.6923
              0               0               0       -307.6923
   2.024644e-05     0.004793489      -0.1455944       -88.39733
  -9.060213e-06     0.000693542       0.9883367        10.09806
       673.9759         691.256
   8.804966e-23   -1.624172e-20               1       -557.6923
   1.648203e-06   -0.0008648369      0.06072376       -75.27913
  -2.099297e-06     0.001117381     -0.07280965       -8.734309
      -557.6923       -307.6923
