              0               0               0       -1019.231
   2.933272e-07   -0.0001535867      -0.9791438        22.60486
   2.345177e-07    0.0007571126       -0.203424       -26.05714
       764.2548        792.5235
   -3.17765e-24    3.030207e-22               1       -1019.231
   1.116448e-06   -1.621184e-06      0.06973245        -5.19039
  -5.111651e-06    0.0001279239       0.2118204       -31.19736
      -1019.231       -865.3846
              0               0               0       -865.3846
   5.642086e-07    -5.32987e-05      -0.9983517        30.89836
  -8.440763e-07     0.001037948     -0.05733667       -13.43579
       577.0074        598.3575
   -3.17765e-24    3.030207e-22               1       -1019.231
    1.16124e-06    6.671217e-07      0.02632018        22.60486
  -4.829873e-06    0.0002009797       0.1654354       -26.05714
      -1019.231       -865.3846
