              0               0               0       -1019.231
   4.964005e-07   -0.0001956845      -0.9692703        50.15005
   4.066675e-07    0.0007226247      -0.2452543       -19.71077
       735.9861        764.2548
   -3.17765e-24    3.030207e-22               1       -1019.231
    1.16124e-06    6.671217e-07      0.02632018        22.60486
  -4.829873e-06    0.0002009797       0.1654354       -26.05714
      -1019.231       -865.3846
              0               0               0       -865.3846
   1.012398e-06   -0.0001181431      -0.9946914        52.17911
      1.017e-06    0.0009728092      -0.1002665       -11.74842
       555.6573        577.0074
   -3.17765e-24    3.030207e-22               1       -1019.231
   1.173141e-06    1.815024e-06     -0.01485702        50.15005
  -4.397915e-06    0.0002596771       0.1158976       -19.71077
      -1019.231       -865.3846
