              0               0               0       -711.5385
  -1.096609e-05   -0.0009153261        0.971751        45.46185
   3.314313e-06     -0.00383754      -0.2370131        111.9812
       200.4118        217.1127
  -4.461828e-23    4.351327e-21               1       -711.5385
   4.269372e-06    -0.001395043      0.09509138        61.38466
  -1.817302e-06   -0.0002552527       0.2970455        106.9679
      -711.5385       -557.6923
              0               0               0       -557.6923
  -1.810959e-05   -0.0008836856       0.9799471        41.43711
   2.450421e-06    -0.004744256      -0.1989643        145.0564
       214.1604        232.0071
  -4.461828e-23    4.351327e-21               1       -711.5385
   5.016423e-06    -0.001637234       0.1069895        45.46185
  -1.233438e-06   -0.0004526137       0.3138151        111.9812
      -711.5385       -557.6923
