              0               0               0       -3269.231
   2.937579e-07   -5.264704e-05      -0.9974348      0.06501765
  -6.818124e-07     0.000811998     -0.07183221       -25.85599
       742.5358        770.0096
   5.379818e-28   -1.960258e-25               1       -3269.231
   3.284092e-10    1.760661e-06    -0.006586415       -27.37204
   3.607365e-09   -1.069874e-05      -0.0080803       -27.23073
      -3269.231       -2692.308
              0               0               0       -2692.308
   2.518954e-07   -6.953056e-05      -0.9946316      -0.1447675
  -3.079718e-07    0.0007095746      -0.1037781       -32.24779
       824.0197        854.5039
   5.379818e-28   -1.960258e-25               1       -3269.231
   6.886251e-10    1.734201e-06     -0.00159333      0.06501765
   3.297142e-09    -7.66328e-06    -0.007755432       -25.85599
      -3269.231       -2692.308
