              0               0               0       -865.3846
   5.677713e-07   -0.0001044544       0.9705689       -116.3001
  -2.534783e-06    0.0004179862        0.240824        45.03136
        128.267        149.6449
   1.194898e-23   -1.163587e-21               1       -865.3846
  -6.774671e-06    0.0007034782       0.4353779        -95.5936
  -8.307135e-06     0.002106808       0.2348754        50.34592
      -865.3846       -711.5385
              0               0               0       -711.5385
  -5.982327e-06     0.001285553       0.9013092       -52.01426
   3.645499e-06      -0.0027689       0.4330767        99.61939
       100.2059        116.9069
   1.194898e-23   -1.163587e-21               1       -865.3846
  -6.867499e-06    0.0007063397       0.4717345       -116.3001
   -8.43527e-06     0.001963423       0.2524085        45.03136
      -865.3846       -711.5385
