              0               0               0       -2692.308
  -6.444948e-06    0.0002301621      -0.9648584        119.3147
  -3.517665e-06     0.001163115      -0.2980314       -8.738784
       702.0828         732.567
  -2.010353e-27    7.350966e-25               1       -2692.308
  -4.049385e-09    3.983955e-06      0.01615023        89.93303
  -2.614139e-09    6.345523e-06    -0.001849826       -16.84282
      -2692.308       -2115.385
              0               0               0       -2115.385
  -4.975427e-06    0.0001253851      -0.9439096        131.4666
  -3.375366e-06     0.001092875      -0.3585007       -5.389642
       771.5952        805.0957
  -2.010353e-27    7.350966e-25               1       -2692.308
  -6.130214e-09    3.999949e-06      0.02079609        119.3147
  -5.959501e-09    9.452528e-06     0.002335361       -8.738784
      -2692.308       -2115.385
