              0               0               0       -2692.308
  -1.462196e-07   -0.0001038746       0.9706536       -272.7757
   1.000766e-07    0.0004150473       0.2405731        26.01513
        122.126        152.6575
  -2.010353e-27    7.350966e-25               1       -2692.308
    3.46378e-08   -1.182445e-05     -0.04947606       -243.2412
   3.662337e-08   -3.096959e-05      -0.0242892        33.74993
      -2692.308       -2115.385
              0               0               0       -2115.385
  -8.480995e-10   -0.0001245617       0.9538545       -300.9355
  -3.303831e-07    0.0003940111       0.3002895        5.954276
       134.2188        167.7735
  -2.010353e-27    7.350966e-25               1       -2692.308
   3.669801e-08   -1.193373e-05     -0.05413999       -272.7757
   4.027767e-08   -3.419428e-05      -0.0284507        26.01513
      -2692.308       -2115.385
