              0               0               0        2115.385
   2.404597e-05    -0.000152293      -0.9423852        -93.6409
  -5.473329e-06     0.001016808       0.3628141       -4.911708
      -101.1135       -67.40898
   9.672408e-26   -1.320394e-22               1        2115.385
  -7.554746e-10   -1.690213e-07      0.02518405       -124.6558
  -5.251068e-09    1.689013e-05     -0.01976917        8.262279
       2115.385        2692.308
              0               0               0        2692.308
   2.882781e-05   -0.0002236585       -0.963847       -81.37381
  -6.184798e-06     0.001149155       0.3012059       -8.675741
      -92.05753       -61.37169
   9.672408e-26   -1.320394e-22               1        2115.385
   4.318006e-10   -2.692945e-06      0.02267285        -93.6409
  -3.715299e-09    1.295975e-05      -0.0127645       -4.911708
       2115.385        2692.308
