              0               0               0       -865.3846
  -3.554344e-06   -5.380695e-05      -0.9785747       -221.9314
   -1.82785e-05   -0.0002881464       0.2055261        22.96848
       833.2084        854.5585
   1.194898e-23   -1.163587e-21               1       -865.3846
  -8.376708e-06     0.001391707       0.7664714       -242.8831
  -1.023459e-07   -0.0008592732       0.1609201        27.04726
      -865.3846       -711.5385
              0               0               0       -711.5385
   1.126396e-05     0.003421002      -0.4903086       -115.3279
  -6.526817e-06     0.001901829       0.8719372        15.98792
       652.2268        668.9746
   1.194898e-23   -1.163587e-21               1       -865.3846
  -7.022128e-06     0.001078591       0.6931898       -221.9314
   1.649055e-06     -0.00128211       0.1128431        22.96848
      -865.3846       -711.5385
