              0               0               0           -5000
    0.001363451     -0.06598719      0.01978555        126.3958
   0.0002431936     -0.00187789      -0.6881695        24.07232
       369.2954        387.7337
   2.831483e-29   -4.900644e-26               1           -5000
  -1.527712e-09    3.578794e-06      0.02506912        112.8737
   8.790489e-10   -7.652741e-07     -0.00169788        12.26966
          -5000       -4423.077
              0               0               0       -4423.077
    0.001013922      -0.0569136      0.02298942        143.9112
   0.0001976828    -0.002586601      -0.6889257        25.21582
       429.6553        451.0959
   2.831483e-29   -4.900644e-26               1           -5000
   1.142238e-10   -2.185735e-07      0.03044805        126.3958
   1.760702e-10    6.811779e-07     0.001530472        24.07232
          -5000       -4423.077
