              0               0               0        1538.462
   1.557604e-06    0.0001765948       0.9345814         431.504
   6.021304e-06    0.0004779007      -0.3557658       -72.88961
       662.0606        698.8417
  -3.610124e-25    4.927898e-22               1        1538.462
   1.208536e-09   -1.752595e-05     -0.03662254        466.1954
    1.83248e-08   -8.391532e-05       0.1530543       -85.02894
       1538.462        2115.385
              0               0               0        2115.385
   8.679962e-07    0.0001260248       0.9731304        406.4328
   7.037517e-06    0.0005607293      -0.2301668       -14.27893
       607.7355        641.4986
  -3.610124e-25    4.927898e-22               1        1538.462
   2.488384e-09   -1.756528e-05     -0.03415122         431.504
   1.774935e-08   -7.855863e-05       0.1410064       -72.88961
       1538.462        2115.385
