              0               0               0       -4423.077
  -0.0001838966     0.008303591       -1.019237        128.2344
  -0.0001433769      0.01012869       -0.527219         11.2042
       451.0959        472.5364
   2.831483e-29     1.28761e-41               1       -4423.077
  -1.491209e-09    9.774759e-07      0.02303846        108.3861
   1.737692e-09    2.765383e-07    -0.004672664        3.143318
      -4423.077       -3846.154
              0               0               0       -3846.154
  -0.0001271611     0.006407991      -0.9970046        144.2174
  -0.0001092771     0.008885121      -0.5501134         10.6421
       514.3317        538.8873
   2.831483e-29     1.28761e-41               1       -4423.077
  -1.527712e-09    9.346781e-07      0.02767305        128.2344
   8.790489e-10    7.561566e-07     -0.00170314         11.2042
      -4423.077       -3846.154
