              0               0               0       -3269.231
   9.168522e-07    3.764602e-06       0.9621543       -137.3253
  -3.224834e-06   -1.420008e-05        0.272494         62.1426
       220.0874        247.5983
   5.379818e-28   -1.960258e-25               1       -3269.231
  -7.380552e-09    8.895418e-07     -0.02521507       -110.8336
   -1.08704e-08    8.200627e-07     0.003204233        69.56127
      -3269.231       -2692.308
              0               0               0       -2692.308
   8.894409e-07    2.216826e-06       0.9528135       -155.6201
  -2.776934e-06   -7.973867e-06       0.3035507        60.41406
        244.252        274.7836
   5.379818e-28   -1.960258e-25               1       -3269.231
  -7.594313e-09    1.321437e-06     -0.02994572       -137.3253
   -1.25245e-08    3.247814e-07    0.0009851359         62.1426
      -3269.231       -2692.308
