              0               0               0        1019.231
  -6.616636e-07    2.495171e-06      -0.9961931        146.6436
   6.464893e-06   -6.526853e-06     -0.08677865       -25.23699
      -318.1944       -291.6782
  -3.664376e-23    1.457923e-20               1        1019.231
  -5.933108e-07   -0.0001122397       0.2304096        120.2177
   2.434736e-06    -0.000390805      -0.2531539       -27.42209
       1019.231        1173.077
              0               0               0        1173.077
   3.101656e-07   -2.823704e-06      -0.9979279        184.4001
   5.178672e-06   -5.657751e-05      0.06406499       -69.04048
      -403.5603       -369.9302
  -3.664376e-23    1.457923e-20               1        1019.231
  -8.225462e-07   -0.0001149429       0.2825695        146.6436
    2.84068e-06   -0.0004768909      -0.2785898       -25.23699
       1019.231        1173.077
