              0               0               0       -865.3846
  -6.269894e-08   -1.388421e-05        -0.98344       -138.0085
  -4.180216e-07   -7.508427e-05       0.1811487        7.193018
       747.8081        769.1582
   1.194898e-23   -1.163587e-21               1       -865.3846
  -4.264276e-06    0.0005406241       0.5091962        -159.012
   5.317154e-06    -0.002213278    -0.002996038        11.02227
      -865.3846       -711.5385
              0               0               0       -711.5385
   1.326156e-05     0.001680975       -0.827979        -70.0729
   4.800678e-06     0.002490408        0.561795       -32.59232
       585.2358        601.9836
   1.194898e-23   -1.163587e-21               1       -865.3846
  -3.571268e-06    0.0004542726       0.4562204       -138.0085
   6.103182e-06     -0.00241073     -0.03217718        7.193018
      -865.3846       -711.5385
