              0               0               0        1538.462
   1.354533e-06   -0.0005202792       0.9289739         135.479
    5.16767e-06    -0.001293987      -0.3695891        74.61201
       331.0303        367.8114
  -3.610124e-25    4.927898e-22               1        1538.462
  -4.535795e-09    1.029635e-05     -0.03456103        169.0112
   1.014889e-08   -3.365872e-05      0.04225556        59.52466
       1538.462        2115.385
              0               0               0        2115.385
   7.502029e-07   -0.0003771452       0.9694791        119.2967
   6.197525e-06    -0.001473152      -0.2444026        84.34129
       303.8677        337.6308
  -3.610124e-25    4.927898e-22               1        1538.462
  -5.706709e-09    1.395078e-05     -0.03419839         135.479
   8.848409e-09    -2.76639e-05      0.02987892        74.61201
       1538.462        2115.385
