              0               0               0        307.6923
  -2.182831e-05     0.002439027       0.8886416       -29.96555
   1.012872e-05    -0.004635682       0.4568447        123.4291
       118.7744        135.7422
  -1.867855e-21    6.194539e-19               1        307.6923
  -7.792706e-09   -3.316493e-05     0.001584967        -14.2917
  -1.054173e-06    0.0002798139      0.04791285        129.8956
       307.6923        557.6923
              0               0               0        557.6923
  -1.394129e-05     0.002237304       0.8822452       -30.61423
  -3.570258e-06    -0.004187113       0.4696599        136.5007
        111.203        127.0891
  -1.867855e-21    6.194539e-19               1        307.6923
  -1.064902e-07   -6.167544e-06     0.005602801       -29.96555
  -1.072564e-06    0.0002763718      0.05022847        123.4291
       307.6923        557.6923
