              0               0               0        557.6923
  -1.435128e-05    -0.001654204       0.9543246        46.36189
   1.534445e-05    -0.005263912      -0.2994535        144.5081
       190.6337        206.5198
   2.146718e-21   -7.814377e-19               1        557.6923
   1.865523e-06    0.0001805113    -0.009612747        61.04742
   -1.91034e-06   -0.0005634051    -0.003215507         138.484
       557.6923        711.5385
              0               0               0        711.5385
  -9.597885e-06    -0.001101347        0.961476        54.79122
   5.548032e-06    -0.003926622       -0.274475        123.4115
       202.2065         219.057
   2.146718e-21   -7.814377e-19               1        557.6923
   1.888672e-06     0.000139322     -0.01134582        46.36189
  -2.095507e-06   -0.0005449373    -0.003693318        144.5081
       557.6923        711.5385
