              0               0               0       -1019.231
  -2.385034e-06    0.0004966991       0.9613937       -50.29156
   4.620262e-07    -0.001703899       0.2747597        76.35018
       311.5056        339.8243
   -3.17765e-24    3.030207e-22               1       -1019.231
    2.80341e-06   -0.0005781189       0.2275783       -22.72199
   6.340443e-06   -0.0009654533     -0.07137611        82.77507
      -1019.231       -865.3846
              0               0               0       -865.3846
  -4.092799e-06    0.0003318322        0.990714       -12.47608
  -6.152781e-07     -0.00229103       0.1352475        70.19254
       235.1562        256.5341
   -3.17765e-24    3.030207e-22               1       -1019.231
   2.833219e-06   -0.0005812948       0.2681721       -50.29156
   6.906321e-06    -0.001125082      -0.0303984        76.35018
      -1019.231       -865.3846
