              0               0               0       -557.6923
   1.613799e-05    -0.001734061      -0.9382585        55.92683
   3.222708e-06     0.004721254      -0.3468519       -86.40767
       514.3699        531.8628
   8.804966e-23   -1.624172e-20               1       -557.6923
   2.248398e-06    -0.001172446      0.07360487        39.06975
  -1.401902e-06    0.0007757839     -0.07481364       -91.01315
      -557.6923       -307.6923
              0               0               0       -307.6923
   1.310616e-05   -0.0006848274      -0.9877947        36.53037
  -5.691907e-06     0.004594452      -0.1550866       -81.79741
       501.1746        518.4547
   8.804966e-23   -1.624172e-20               1       -557.6923
   2.291643e-06    -0.001199588      0.07908349        55.92683
  -1.013993e-06    0.0005720467     -0.06119606       -86.40767
      -557.6923       -307.6923
