              0               0               0        2115.385
  -7.147368e-09    3.471592e-06      -0.9969126        237.7475
   2.442378e-07   -4.687678e-05     -0.07858178       -42.78192
      -438.1583       -404.4539
   9.672408e-26   -1.320394e-22               1        2115.385
   5.379886e-09    -1.30091e-05     -0.01607542        204.1508
    1.58468e-08   -2.651134e-05      0.04047839       -45.47438
       2115.385        2692.308
              0               0               0        2692.308
   3.455164e-09    5.963927e-06      -0.9897228        221.9444
   1.096276e-07   -4.353373e-05      -0.1430475       -23.47519
       -398.916       -368.2301
   9.672408e-26   -1.320394e-22               1        2115.385
   5.493907e-09   -1.316172e-05     -0.02162745        237.7475
   1.772769e-08   -3.083331e-05      0.04535295       -42.78192
       2115.385        2692.308
