              0               0               0           -5000
   5.591732e-07    -0.000132031        0.981768       -138.7415
  -3.821258e-06    0.0006753466       0.1900614        43.60263
       92.32384        110.7886
   2.831483e-29   -4.900644e-26               1           -5000
   3.103866e-11   -3.517754e-07     -0.03990899       -120.6549
  -1.443533e-09    1.524584e-06     0.001443756        47.31828
          -5000       -4423.077
              0               0               0       -4423.077
   4.951219e-07   -0.0001210192       0.9790401        -164.772
  -3.052664e-06    0.0005793681       0.2036199        43.77003
       107.4138        128.8966
   2.831483e-29   -4.900644e-26               1           -5000
  -1.149194e-10   -1.311472e-08     -0.04507366       -138.7415
  -1.136416e-09    7.257078e-07    0.0002497141        43.60263
          -5000       -4423.077
