              0               0               0       -3269.231
   6.000111e-07   -4.575598e-05       0.9633096       -163.8047
  -2.145154e-06    0.0001628454       0.2684046        54.67996
       192.5765        220.0874
   5.379818e-28   -1.960258e-25               1       -3269.231
  -7.594313e-09    1.321437e-06     -0.02994572       -137.3253
   -1.25245e-08    3.247814e-07    0.0009851359         62.1426
      -3269.231       -2692.308
              0               0               0       -2692.308
   5.297975e-07   -4.630972e-05       0.9541598        -184.724
  -1.697492e-06    0.0001475071       0.2992905        51.18708
       213.7205         244.252
   5.379818e-28   -1.960258e-25               1       -3269.231
  -7.821699e-09    1.777722e-06     -0.03468231       -163.8047
  -1.409437e-08   -2.678972e-07    -0.001208599        54.67996
      -3269.231       -2692.308
