              0               0               0        1173.077
     1.4322e-07    8.396481e-05       0.8695099        238.0665
   2.731924e-07    0.0001487501      -0.4938913        7.639276
       437.8266        471.5055
   2.578164e-24   -2.333275e-21               1        1173.077
   8.525519e-07   -0.0009413562       0.3144565        267.4514
  -8.840541e-07     0.000912309      -0.2205893       -8.815315
       1173.077        1538.462
              0               0               0        1538.462
   4.870076e-07    5.944184e-05       0.8758822        265.9401
   9.380146e-07    0.0001073429      -0.4825257        6.814309
       478.1549         514.936
   2.578164e-24   -2.333275e-21               1        1173.077
   8.075213e-07   -0.0008879809       0.2929313        238.0665
  -7.547017e-07    0.0007758403      -0.1849808        7.639276
       1173.077        1538.462
