              0               0               0       -711.5385
  -3.889433e-07     0.002347279      -0.7605148        -83.4059
  -1.253648e-05      0.00273161        0.649252       -22.46244
       601.9836        618.7313
  -4.461828e-23    4.351327e-21               1       -711.5385
   1.962406e-06     -0.00166389       0.4132855       -95.48625
   2.463044e-06     3.08384e-05      -0.2636479       -10.88164
      -711.5385       -557.6923
              0               0               0       -557.6923
   2.253984e-06     0.004235091      -0.6232799       -54.54515
  -2.062258e-05      0.00340233       0.7813053       -56.34221
       636.8201        654.3129
  -4.461828e-23    4.351327e-21               1       -711.5385
   1.455833e-06    -0.001427504       0.3727532        -83.4059
   2.078359e-06    0.0002407925      -0.3064554       -22.46244
      -711.5385       -557.6923
