              0               0               0       -711.5385
   0.0005186105     -0.02731196     0.002532307        138.4245
   7.109709e-05   -5.936947e-05      -0.9652266        24.73159
       334.0196        350.7673
  -4.461828e-23    4.351327e-21               1       -711.5385
  -1.580514e-07    0.0003316563      -0.1097805        133.2425
  -3.740812e-06    0.0008305379      0.06501803        8.883545
      -711.5385       -557.6923
              0               0               0       -557.6923
   0.0001424568    -0.003906389      0.00460577        123.9798
  -2.817354e-06    6.869256e-05      -0.9993504        42.39807
        356.934        374.4268
  -4.461828e-23    4.351327e-21               1       -711.5385
  -4.300149e-07    0.0005526972      -0.1687436        138.4245
  -3.653892e-06    0.0007575919      0.08476217        24.73159
      -711.5385       -557.6923
