              0               0               0       -4423.077
  -1.399984e-07   -7.189307e-05       0.9983245       -249.7997
  -1.802499e-05     0.002043299      0.03694311        32.07567
       21.48277        42.96553
   2.831483e-29     1.28761e-41               1       -4423.077
   -4.33123e-10   -1.696268e-08     -0.06028165       -228.3875
  -5.885787e-10   -1.958711e-06    -0.004385145         33.6336
      -4423.077       -3846.154
              0               0               0       -3846.154
   2.972322e-08   -8.709806e-05       0.9975988       -287.6324
  -1.375922e-05     0.001795322      0.05192814         28.1925
       24.48881        48.97762
   2.831483e-29     1.28761e-41               1       -4423.077
  -5.070476e-10    1.847153e-08     -0.06541857       -249.7997
  -5.904111e-10   -2.020338e-06    -0.005368728        32.07567
      -4423.077       -3846.154
