              0               0               0        1173.077
   1.296901e-06   -0.0005685277       0.9240157        119.4556
   5.299503e-06    -0.001364933      -0.3818825        71.31978
       303.1107        336.7897
   2.578164e-24   -2.333275e-21               1        1173.077
   6.771836e-07   -0.0007320011       0.2291388        149.9802
   -3.59179e-07    0.0003600567     -0.07700526        57.11261
       1173.077        1538.462
              0               0               0        1538.462
   1.354533e-06   -0.0005202792       0.9289739         135.479
    5.16767e-06    -0.001293987      -0.3695891        74.61201
       331.0303        367.8114
   2.578164e-24   -2.333275e-21               1        1173.077
    6.22812e-07    -0.000668747       0.2050541        119.4556
   -2.32024e-07    0.0002266701     -0.04283489        71.31978
       1173.077        1538.462
