              0               0               0        3846.154
  -1.587126e-06   -5.564074e-05       -0.985248        160.9902
   1.208813e-05    0.0002951962      -0.1714357       -18.17404
      -297.4602       -272.6718
  -1.362311e-27    2.357846e-24               1        3846.154
   3.374694e-09   -5.018533e-06     -0.02324618        136.5091
  -3.211634e-08    4.355346e-05      0.01005973       -22.05814
       3846.154        4423.077
              0               0               0        4423.077
  -2.491627e-06     1.07174e-05      -0.9774819        143.2568
   1.115135e-05   -4.207471e-05       -0.210924       -3.452417
      -259.7819       -238.1334
  -1.362311e-27    2.357846e-24               1        3846.154
   4.565314e-09   -6.626751e-06     -0.02843424        160.9902
  -3.580683e-08     4.85021e-05     0.009453448       -18.17404
       3846.154        4423.077
