              0               0               0       -1538.462
  -2.581492e-07    8.566372e-05       0.9949159        11.01388
   1.825615e-06   -0.0009846734      0.09868293           100.3
       512.3507        548.9472
  -5.358563e-26    1.024235e-23               1       -1538.462
   4.887407e-07   -8.653322e-05     -0.04175743        47.52637
  -2.561472e-07    2.643881e-05       0.0270853        102.6822
      -1538.462       -1173.077
              0               0               0       -1173.077
  -4.166515e-07    0.0001616236       0.9849528        9.037807
   2.019504e-06    -0.001005817       0.1717433        98.65376
       502.1889        538.0595
  -5.358563e-26    1.024235e-23               1       -1538.462
   6.322391e-07   -0.0001026835     -0.05229691        11.01388
  -7.878534e-08   -4.982858e-06     0.007833471           100.3
      -1538.462       -1173.077
