              0               0               0        4423.077
  -5.186608e-08    2.148438e-05      -0.9806378        228.0249
   2.831024e-07   -0.0001073132      -0.1958311         14.2316
      -346.3759       -324.7274
  -1.362311e-27    6.195073e-40               1        4423.077
    6.47821e-09    2.055201e-06     -0.04820116        206.8051
  -3.733663e-08   -1.446753e-05      0.02882839        9.944733
       4423.077            5000
              0               0               0            5000
   1.319526e-07    1.856657e-05      -0.9777884        199.1435
  -5.030113e-07   -9.000226e-05        -0.20956        18.53237
      -298.2416       -279.6015
  -1.362311e-27    6.195073e-40               1        4423.077
   6.538134e-09    2.112626e-06       -0.053456        228.0249
  -3.490645e-08   -1.377421e-05       0.0270196         14.2316
       4423.077            5000
