              0               0               0        3846.154
   6.353586e-08    8.664928e-05       0.9931875        304.3098
   1.167516e-05    0.0008557642       -0.115687        30.08197
       444.3227        469.0073
  -1.362311e-27    2.357846e-24               1        3846.154
   2.177585e-12   -3.616879e-08     -0.06554887          328.88
  -2.056873e-10   -1.808919e-06     0.008026333        27.92333
       3846.154        4423.077
              0               0               0        4423.077
  -3.368133e-07    9.117949e-05       0.9949413        269.4402
   1.315176e-05     0.001045132     -0.09953653        33.44509
       390.2722         411.954
  -1.362311e-27    2.357846e-24               1        3846.154
   8.922896e-11   -1.440995e-07     -0.06038725        304.3098
   -8.43671e-11   -1.727247e-06     0.006853983        30.08197
       3846.154        4423.077
