              0               0               0       -3846.154
   8.486631e-07   -0.0002307239       0.9891248        25.13809
   5.134081e-06    -0.001410209       -0.145985        75.64147
       342.8433        367.3321
  -1.415742e-28    4.900644e-26               1       -3846.154
  -9.153262e-10    7.046712e-07     0.005151307        49.23468
  -4.043606e-09    4.376632e-06      0.01060874        71.29617
      -3846.154       -3269.231
              0               0               0       -3269.231
   2.175323e-07   -0.0001739489       0.9926628        25.08341
   2.912384e-06    -0.001301355      -0.1194825        82.30822
        385.153        412.6639
  -1.415742e-28    4.900644e-26               1       -3846.154
   -5.22328e-10    3.938509e-07   -0.0001481418        25.13809
  -3.148379e-09    3.181905e-06      0.01076788        75.64147
      -3846.154       -3269.231
