              0               0               0       -711.5385
   3.112194e-05     0.001455884       0.6394973       -104.3042
  -3.304482e-05    -0.001281806       0.7686255        58.94096
       33.40196        50.10294
  -4.461828e-23    4.351327e-21               1       -711.5385
   4.975566e-06    -0.002350485        0.360217       -93.07296
   6.503397e-06    -0.002037854      0.09965049        71.26631
      -711.5385       -557.6923
              0               0               0       -557.6923
  -4.677923e-05      0.00623318     -0.01131527       -76.68753
  -1.535843e-05    9.538563e-05       0.9987326        44.27776
        35.6934        53.54009
  -4.461828e-23    4.351327e-21               1       -711.5385
    4.08362e-06    -0.002297872       0.4363737       -104.3042
   6.298022e-06    -0.001815128      0.03487399        58.94096
      -711.5385       -557.6923
