              0               0               0        4423.077
  -2.659058e-06    3.548907e-05       -0.975018        291.5771
   1.275205e-05   -0.0001870154      -0.2217385        27.58323
      -411.3214       -389.6729
  -1.362311e-27    6.195073e-40               1        4423.077
   5.405078e-09    1.801303e-06     -0.06329107        270.4591
  -2.451599e-08   -1.050339e-05      0.02042412        22.82465
       4423.077            5000
              0               0               0            5000
  -4.872535e-06     6.04292e-05      -0.9713903        253.6999
   2.144862e-05   -0.0002795508      -0.2372314        30.78444
      -354.1619       -335.5218
  -1.362311e-27    6.195073e-40               1        4423.077
   3.233541e-09    1.063873e-06     -0.06734397        291.5771
  -1.423405e-08   -6.981898e-06      0.01431446        27.58323
       4423.077            5000
