              0               0               0       -4423.077
   5.514123e-07   -8.910939e-05        0.974526       -143.7905
  -2.538422e-06    0.0003826291       0.2242862        48.38146
       128.8966        150.3794
   2.831483e-29     1.28761e-41               1       -4423.077
   1.885272e-10   -3.956952e-07     -0.03539956       -122.8906
   -1.77716e-09   -6.788035e-07      0.00366987        53.35117
      -4423.077       -3846.154
              0               0               0       -3846.154
   6.121728e-07   -8.989259e-05       0.9702556       -167.1244
   -2.53967e-06     0.000356438       0.2420849        48.79639
       146.9329        171.4217
   2.831483e-29     1.28761e-41               1       -4423.077
   3.103866e-11   -2.980546e-07     -0.04028389       -143.7905
  -1.443533e-09   -9.738383e-07     0.001761494        48.38146
      -4423.077       -3846.154
