              0               0               0        557.6923
  -1.526214e-05     0.003645087       0.6960942        -55.9248
  -9.351709e-06    -0.003532846       0.7187073         117.512
       79.43069        95.31683
   2.146718e-21   -7.814377e-19               1        557.6923
   2.063246e-06   -0.0001239928      -0.0176951       -44.00783
  -7.148463e-07   -0.0005675967     -0.01698927        128.0005
       557.6923        711.5385
              0               0               0        711.5385
  -2.445183e-05     0.003129371       0.7528609       -55.60962
   1.647989e-05    -0.003695022       0.6577126        99.23699
       84.25271        101.1033
   2.146718e-21   -7.814377e-19               1        557.6923
   1.913674e-06   -0.0001650304     -0.01785606        -55.9248
  -1.700219e-07   -0.0006066795     -0.02142835         117.512
       557.6923        711.5385
