              0               0               0        3269.231
   3.764133e-08    1.349197e-05      -0.9858732        258.0043
  -1.864311e-07    -7.89722e-05      -0.1675092       -2.717681
      -415.1847       -387.5057
   6.811555e-27   -9.431384e-24               1        3269.231
  -7.565248e-09    4.421231e-06     -0.03641078        230.7275
   5.447353e-08   -4.281058e-05     0.003546373       -7.418622
       3269.231        3846.154
              0               0               0        3846.154
  -1.186587e-08   -3.506294e-05      -0.9799644        234.0535
  -3.244314e-09     0.000182462      -0.1993153       -4.332908
      -371.8252       -347.0369
   6.811555e-27   -9.431384e-24               1        3269.231
  -8.092993e-09    4.850018e-06     -0.04161907        258.0043
   5.376367e-08   -4.289896e-05     0.004054959       -2.717681
       3269.231        3846.154
