              0               0               0       -1019.231
  -0.0005834069     0.007889499        1.093767        173.3547
  -6.234117e-05    -0.003557055      -0.3221945        68.42852
       538.0551        566.3738
   -3.17765e-24    3.030207e-22               1       -1019.231
  -8.479499e-07    6.852037e-05      -0.1649798        197.4065
   2.709728e-07    0.0003726384      -0.2422587        55.03604
      -1019.231       -865.3846
              0               0               0       -865.3846
   -0.001051137      0.01025309        1.045203        153.7987
   5.461359e-05    -0.006614435      -0.4769355        40.25717
        406.179        427.5568
   -3.17765e-24    3.030207e-22               1       -1019.231
   5.332485e-08   -9.407648e-05      -0.1139031        173.3547
   9.368752e-07    0.0002381205      -0.2419222        68.42852
      -1019.231       -865.3846
