              0               0               0               0
  -8.322797e-06     0.004568566       0.1679062       -88.13634
   -1.15153e-05   -0.0007770122       0.9854684        44.33428
       17.04412        34.08824
   8.523301e-22   -1.673124e-19               1               0
   2.153222e-07   -8.544061e-05     0.006295865       -83.98855
   3.531487e-07    2.599332e-05      -0.0419449        60.84799
              0        307.6923
              0               0               0        307.6923
  -4.365539e-06     0.004216206       0.1745367       -88.02199
  -5.859754e-06   -0.0009076857       0.9849226        44.26822
       16.96778        33.93556
   8.523301e-22   -1.673124e-19               1               0
   2.698996e-07   -0.0001222736      0.01244167       -88.13634
   3.939361e-07    2.057806e-05     -0.04384214        44.33428
              0        307.6923
