              0               0               0       -307.6923
   1.546501e-05    0.0006650976      -0.9883222        2.114087
  -5.893747e-07     0.004552311       0.1515584       -81.84999
       535.7348         553.015
  -2.352002e-22    4.979552e-20               1       -307.6923
  -6.053587e-07    0.0004650782     -0.08395499       -14.68585
   6.100797e-07   -0.0004101667       0.0756894       -77.87475
      -307.6923               0
              0               0               0               0
   1.427437e-05    0.0007244982      -0.9878649        2.436096
   -6.49573e-06     0.004742442        0.153956       -79.61611
       528.3853         545.431
  -2.352002e-22    4.979552e-20               1       -307.6923
  -6.606233e-07    0.0004943136     -0.08850575        2.114087
   5.397262e-07   -0.0003498667      0.06381307       -81.84999
      -307.6923               0
