              0               0               0       -1173.077
   1.344165e-06    0.0004483896       0.8664074       -125.1362
   -4.48621e-06   -0.0007573496       0.4994009        50.11311
       358.7063         394.577
    7.61619e-25   -4.849574e-23               1       -1173.077
  -3.264903e-06    0.0009255834       0.2152047       -93.41868
  -3.418448e-06    0.0004526634      0.07305058        66.84539
      -1173.077       -1019.231
              0               0               0       -1019.231
   1.189526e-06    0.0003956417       0.9361238       -77.14565
  -8.084153e-06    -0.001017101       0.3518148         67.3865
       283.1869        311.5056
    7.61619e-25   -4.849574e-23               1       -1173.077
  -3.405664e-06     0.001002151       0.2383692       -125.1362
  -4.176664e-06    0.0006502697       0.1110915        50.11311
      -1173.077       -1019.231
