              0               0               0        557.6923
   8.146787e-06     0.002874884      -0.8288928       -38.54999
  -1.754649e-05     0.004303394       0.5589444       -76.96485
      -138.0569       -118.3345
   2.146718e-21   -7.814377e-19               1        557.6923
  -7.094557e-08    0.0004333381      0.01950349       -53.71701
   2.780238e-06    5.485731e-05     -0.01809183       -64.40181
       557.6923        711.5385
              0               0               0        711.5385
   1.609768e-06     0.001874184      -0.9170042       -25.79096
  -2.162415e-05     0.004243252       0.3979228       -63.57889
      -118.0783         -101.21
   2.146718e-21   -7.814377e-19               1        557.6923
    3.89832e-07    0.0003792975      0.01535343       -38.54999
   2.500911e-06    0.0002401249    -0.009126751       -76.96485
       557.6923        711.5385
