              0               0               0       -3269.231
  -3.664498e-07   -7.409218e-05       -0.988222        54.62952
  -5.969839e-09    0.0007727836       -0.157808       -19.52714
        687.588        715.0619
   5.379818e-28   -1.960258e-25               1       -3269.231
   1.006372e-09    1.643093e-06     0.003365629         27.4157
   3.516479e-09   -5.281912e-06    -0.007053493       -23.27956
      -3269.231       -2692.308
              0               0               0       -2692.308
  -1.943918e-07   -9.581517e-05      -0.9826656        60.14788
  -3.669273e-07    0.0007209629       -0.189297       -23.32069
       763.0512        793.5354
   5.379818e-28   -1.960258e-25               1       -3269.231
   1.305944e-09    1.496526e-06     0.008267105        54.62952
   3.924282e-09   -3.273395e-06    -0.005993134       -19.52714
      -3269.231       -2692.308
