              0               0               0       -557.6923
   0.0001838317    -0.003609184     -0.05814494       -75.54524
   1.442024e-06    1.817954e-05       0.9967058        26.47587
        17.8467         35.6934
   8.804966e-23   -1.624172e-20               1       -557.6923
   8.295267e-07   -0.0004131245      0.01929728       -76.68753
  -2.044692e-06     0.001091652        -0.07643        44.27776
      -557.6923       -307.6923
              0               0               0       -307.6923
  -2.828951e-06     0.004570364       0.1355251       -88.41489
   -1.45786e-05   -0.0006219629       0.9912738        44.57937
       17.28267        34.56534
   8.804966e-23   -1.624172e-20               1       -557.6923
    1.56109e-06    -0.000813791      0.05440098       -75.54524
  -2.150802e-06     0.001152251     -0.08122356        26.47587
      -557.6923       -307.6923
