              0               0               0        2115.385
   5.173821e-06    -0.000294629       0.9900572       -81.65606
   4.369929e-06    -0.001120266       0.1987065        83.79579
       101.2892        135.0523
   9.672408e-26   -1.320394e-22               1        2115.385
  -2.889048e-09    7.560066e-06     0.001054391       -48.36541
  -1.840691e-09    7.591707e-06     -0.02053969        89.39588
       2115.385        2692.308
              0               0               0        2692.308
   5.848178e-06   -0.0002425177       0.9751931       -75.71306
   6.049402e-06    -0.001268418       0.2623317        72.67836
       92.21798        122.9573
   9.672408e-26   -1.320394e-22               1        2115.385
  -3.198346e-09    7.658884e-06     0.006947141       -81.65606
  -3.353622e-09    1.166121e-05     -0.02488162        83.79579
       2115.385        2692.308
