              0               0               0       -3846.154
   5.565934e-07   -0.0001557213       0.9874935       -238.9925
  -5.196598e-06    0.0009501425       0.1575833        33.66109
       73.46643        97.95524
  -1.415742e-28    4.900644e-26               1       -3846.154
   2.132778e-09   -5.483192e-07     -0.05056537       -214.8951
   4.334224e-10    -3.03865e-06    -0.004329591         38.0136
      -3846.154       -3269.231
              0               0               0       -3269.231
   4.115497e-07   -0.0001441962       0.9849241        -270.836
  -3.311725e-06    0.0007882553       0.1730788        29.29841
       82.53278        110.0437
  -1.415742e-28    4.900644e-26               1       -3846.154
   2.445596e-09   -6.731031e-07     -0.05562119       -238.9925
  -3.835439e-11   -2.905788e-06    -0.005872798        33.66109
      -3846.154       -3269.231
