              0               0               0        2115.385
  -1.873785e-08    5.366241e-06      -0.9972105        271.3526
   2.362228e-07   -7.076209e-05     -0.07461682       -40.19565
      -471.8628       -438.1583
   9.672408e-26   -1.320394e-22               1        2115.385
   5.493907e-09   -1.316172e-05     -0.02162745        237.7475
   1.772769e-08   -3.083331e-05      0.04535295       -42.78192
       2115.385        2692.308
              0               0               0        2692.308
  -6.418423e-08    1.187257e-05      -0.9902701        252.3223
   4.380669e-07   -8.386108e-05      -0.1391383       -19.13931
      -429.6018        -398.916
   9.672408e-26   -1.320394e-22               1        2115.385
   5.692542e-09   -1.338927e-05       -0.027156        271.3526
   1.931741e-08   -3.501415e-05      0.05026852       -40.19565
       2115.385        2692.308
