              0               0               0       -557.6923
   3.749404e-05    -0.006037065     -0.04445037        123.7174
   1.632529e-05    0.0001777288      -0.9978092        7.439753
       391.9197        409.4126
   8.804966e-23   -1.624172e-20               1       -557.6923
   5.973701e-07   -0.0003260087      0.02690527        121.2932
   1.453971e-06   -0.0007322869      0.04082934       -9.873033
      -557.6923       -307.6923
              0               0               0       -307.6923
   -3.69205e-06    -0.004167858      -0.2938415        123.3191
   1.619656e-05     0.001277346      -0.9559755       -6.660941
       380.2137        397.4938
   8.804966e-23   -1.624172e-20               1       -557.6923
   4.879352e-08   -3.646765e-05     0.004474018        123.7174
   1.652485e-06   -0.0008380005      0.04981701        7.439753
      -557.6923       -307.6923
