              0               0               0       -1019.231
  -3.325313e-05    0.0004078006       0.9957053        118.1835
   1.088468e-05    -0.001236774      -0.1687656        81.09137
       481.4177        509.7364
   -3.17765e-24    3.030207e-22               1       -1019.231
   8.030194e-07   -0.0002154101     -0.06309125        145.9525
   1.880077e-06    5.461819e-05       -0.228918        75.56751
      -1019.231       -865.3846
              0               0               0       -865.3846
  -5.639144e-05     0.000290975       0.9619825        113.9246
    3.48459e-05     -0.00190455      -0.3089377        55.62246
       363.4233        384.8011
   -3.17765e-24    3.030207e-22               1       -1019.231
    1.41664e-06   -0.0003175171     -0.01236453        118.1835
   2.765459e-06   -0.0001219796      -0.2122364        81.09137
      -1019.231       -865.3846
