              0               0               0       -2115.385
   5.031669e-07   -2.495131e-06       -0.997599        -331.745
   5.722059e-06   -1.587426e-05      0.06963823        -30.8925
       1240.601        1274.101
   7.503431e-27   -2.744361e-24               1       -2115.385
  -1.175133e-07    5.736235e-05     -0.03554528       -365.1489
  -2.411687e-07    3.607983e-05     -0.03928679       -28.36227
      -2115.385       -1538.462
              0               0               0       -1538.462
  -1.835701e-07   -5.250409e-07      -0.9984809       -352.6295
   4.807983e-06   -1.079786e-05     -0.05551402       -83.52039
       1353.194        1389.739
   7.503431e-27   -2.744361e-24               1       -2115.385
  -1.046437e-07    5.236833e-05     -0.03158253        -331.745
  -2.198464e-07    3.260077e-05     -0.03685607        -30.8925
      -2115.385       -1538.462
