              0               0               0               0
  -1.215096e-05    -0.004052448       -0.163368        126.8786
   1.604441e-05    0.0006863927      -0.9872684        10.40701
       357.9282        374.9739
   8.523301e-22   -1.673124e-19               1               0
  -1.650034e-07     3.00362e-05     0.004670109        122.8563
   6.797151e-07   -0.0002077215    0.0002399612       -6.142785
              0        307.6923
              0               0               0        307.6923
   1.120651e-06    -0.004458843      -0.1740377        126.5625
   1.431148e-05    0.0008117979      -0.9849041        10.47645
      -322.4443       -305.4735
   8.523301e-22   -1.673124e-19               1               0
  -3.832543e-07    9.481756e-05     0.006082298        126.8786
   7.774722e-07   -0.0002295132    -0.002761748        10.40701
              0        307.6923
