              0               0               0       -2115.385
  -5.766637e-07   -0.0001241211       0.9744243       -365.6386
   8.330889e-07    0.0005641526       0.2246507       -11.78765
        67.1094        100.6641
   7.503431e-27   -2.744361e-24               1       -2115.385
  -1.219305e-07    5.517421e-05     -0.03412292       -333.1037
  -2.342596e-07    3.838041e-05      -0.0318255       -3.582895
      -2115.385       -1538.462
              0               0               0       -1538.462
  -5.408118e-07   -0.0001784281       0.9387011       -391.9269
   5.170044e-07    0.0005055705       0.3445941       -67.46587
       73.19295        109.7894
   7.503431e-27   -2.744361e-24               1       -2115.385
  -1.280719e-07    5.913267e-05     -0.03705388       -365.6386
  -2.520449e-07    4.062665e-05     -0.03605669       -11.78765
      -2115.385       -1538.462
