              0               0               0        1019.231
   7.971259e-08     0.000154611       0.9461459        229.1529
   8.294861e-07    0.0004490427      -0.3236956        22.07994
       398.3899        424.9492
  -3.664376e-23    1.457923e-20               1        1019.231
  -2.147898e-06   -6.839795e-05       0.5340836        254.3924
   5.150766e-06     -0.00119529        -0.28817         13.8151
       1019.231        1173.077
              0               0               0        1173.077
  -1.375554e-07    0.0001906751       0.8853899         297.089
  -6.470032e-08    0.0003628691      -0.4647818       -24.80976
       505.1845        538.8635
  -3.664376e-23    1.457923e-20               1        1019.231
  -2.056926e-06    -4.82079e-05        0.497686        229.1529
   4.750201e-06    -0.001143538      -0.2412849        22.07994
       1019.231        1173.077
