              0               0               0        711.5385
   1.444121e-05   -0.0008016545      -0.9854441        40.29334
  -6.240239e-06     0.004496312      -0.1684371       -71.57245
      -185.5517       -168.6833
  -5.749011e-22    2.093553e-19               1        711.5385
   -3.29408e-06     0.001105893       0.1529486        23.51175
  -8.601875e-06     0.001559742       0.3230815       -73.16427
       711.5385        865.3846
              0               0               0        865.3846
  -1.704691e-06    -0.000223256      -0.9806358        80.53388
   2.471769e-05     0.001016442       -0.196467       -14.59154
      -215.5153        -195.923
  -5.749011e-22    2.093553e-19               1        711.5385
  -3.475333e-06     0.001291536        0.145122        40.29334
  -9.068123e-06      0.00165667       0.3301338       -71.57245
       711.5385        865.3846
