              0               0               0        2115.385
  -6.316709e-05     0.002279078       -0.870703       -124.6558
   6.171746e-05    0.0004633806       0.4127031        8.262279
      -67.40898       -33.70449
   9.672408e-26   -1.320394e-22               1        2115.385
  -1.794248e-09    2.451327e-06      0.02686659        -153.832
  -6.154994e-09    1.996043e-05     -0.02697141        25.06166
       2115.385        2692.308
              0               0               0        2692.308
  -8.037047e-05     0.002430159      -0.8961387       -110.3279
   7.184318e-05    0.0005797978       0.3542603        1.470378
      -61.37169       -30.68584
   9.672408e-26   -1.320394e-22               1        2115.385
  -7.554746e-10   -1.690213e-07      0.02518405       -124.6558
  -5.251068e-09    1.689013e-05     -0.01976917        8.262279
       2115.385        2692.308
