              0               0               0       -557.6923
   1.514318e-05    -0.004717156       0.1585076        122.5673
   1.499512e-05   -0.0007341474      -0.9874742        60.16982
       339.0873         356.934
   8.804966e-23   -1.624172e-20               1       -557.6923
  -6.756889e-07    0.0003542288      -0.0292165        123.9798
   1.820694e-06   -0.0009288196      0.05841946        42.39807
      -557.6923       -307.6923
              0               0               0       -307.6923
    3.22391e-05    -0.004953258       0.1401824        127.1476
   1.355007e-05   -0.0006710086      -0.9897283        44.63568
       328.3707        345.6534
   8.804966e-23   -1.624172e-20               1       -557.6923
  -6.397284e-07    0.0003265232     -0.02332636        122.5673
     1.8941e-06    -0.000973749      0.06291945        60.16982
      -557.6923       -307.6923
