              0               0               0       -2115.385
   8.274786e-07   -0.0002074185        0.985549       -398.5062
  -7.166414e-06     0.001285553       0.1625844        -18.4198
        33.5547         67.1094
   7.503431e-27   -2.744361e-24               1       -2115.385
  -1.280719e-07    5.913267e-05     -0.03705388       -365.6386
  -2.520449e-07    4.062665e-05     -0.03605669       -11.78765
      -2115.385       -1538.462
              0               0               0       -1538.462
   1.445059e-06   -0.0003370804       0.9575668       -426.5899
  -5.803283e-06      0.00114271       0.2842728       -79.11525
       36.59648        73.19295
   7.503431e-27   -2.744361e-24               1       -2115.385
  -1.354563e-07    6.334088e-05     -0.04013596       -398.5062
  -2.688128e-07    4.237789e-05      -0.0401825        -18.4198
      -2115.385       -1538.462
