              0               0               0       -1173.077
   2.111248e-07   -0.0002168308      -0.9337473        18.57507
  -2.017099e-08    0.0005736067      -0.3580322        -45.6476
       968.0575        1003.864
    7.61619e-25   -4.849574e-23               1       -1173.077
  -2.277869e-07    0.0001035112      0.05405706       -15.12738
  -8.305682e-07     0.000511263       0.1134839       -57.73295
      -1173.077       -1019.231
              0               0               0       -1019.231
   2.933272e-07   -0.0001535867      -0.9791438        22.60486
   2.345177e-07    0.0007571126       -0.203424       -26.05714
       764.2548        792.5235
    7.61619e-25   -4.849574e-23               1       -1173.077
  -1.009567e-09    1.133076e-06      0.02604322        18.57507
  -3.032459e-07    0.0003409394      0.08206318        -45.6476
      -1173.077       -1019.231
