              0               0               0        3846.154
  -3.695582e-06   -0.0001862074      -0.9462938        330.1626
   1.476425e-05    0.0005255213      -0.3238979        19.73429
      -470.9786       -446.1903
  -1.362311e-27    2.357846e-24               1        3846.154
   5.405078e-09   -7.553638e-06     -0.05997241        306.5349
  -2.451599e-08    3.192812e-05     0.008063702        12.25319
       3846.154        4423.077
              0               0               0        4423.077
  -2.659058e-06    3.548907e-05       -0.975018        291.5771
   1.275205e-05   -0.0001870154      -0.2217385        27.58323
      -411.3214       -389.6729
  -1.362311e-27    2.357846e-24               1        3846.154
   3.233541e-09    -4.53264e-06     -0.06534276        330.1626
  -1.423405e-08    1.765396e-05     0.008157504        19.73429
       3846.154        4423.077
