              0               0               0               0
  -2.222418e-05    -0.004333368         0.16603        126.8877
   1.662332e-05    -0.000806731      -0.9866931        44.34223
       323.8383        340.8824
   8.523301e-22   -1.673124e-19               1               0
  -3.902953e-07    0.0001012086     0.005412623        128.3486
   8.505879e-07   -0.0002443135    -0.005414149        27.37286
              0        307.6923
              0               0               0        307.6923
  -5.283366e-06    -0.004421096       0.1764719        126.5307
    1.11936e-05   -0.0008047871      -0.9837046        44.22316
       322.3878        339.3556
   8.523301e-22   -1.673124e-19               1               0
  -3.976001e-07    0.0001034429      0.00465386        126.8877
   7.788088e-07   -0.0002320401    -0.002723388        44.34223
              0        307.6923
