              0               0               0        4423.077
   3.456014e-06   -0.0003112849       0.9808414        99.73709
   1.788584e-05       -0.001495      -0.1947676        68.61366
       216.8179        238.4997
  -1.362311e-27    6.195073e-40               1        4423.077
   1.141529e-09    6.038267e-07     -0.02596042        120.8924
   2.335901e-09    4.042908e-08    -0.007526902        63.87026
       4423.077            5000
              0               0               0            5000
   3.904214e-06   -0.0003184547       0.9832698        88.06627
    2.12134e-05    -0.001607256      -0.1825187        63.81897
       186.6699        205.3369
  -1.362311e-27    6.195073e-40               1        4423.077
   1.139815e-09    6.402917e-07      -0.0209782        99.73709
   2.035259e-09    9.220984e-08    -0.009041421        68.61366
       4423.077            5000
