              0               0               0       -1019.231
   3.212692e-06     0.000122704       0.9214449       -103.4111
  -8.649828e-06   -0.0002822457       0.3886106        56.80434
       254.8682        283.1869
   -3.17765e-24    3.030207e-22               1       -1019.231
   2.805209e-06   -0.0005696941       0.3049011       -77.14565
   7.414123e-06    -0.001277421      0.01460659         67.3865
      -1019.231       -865.3846
              0               0               0       -865.3846
   3.181349e-06    0.0001065548       0.9680629       -54.28186
  -1.503523e-05   -0.0003953411       0.2508071        61.36195
       192.4006        213.7784
   -3.17765e-24    3.030207e-22               1       -1019.231
   2.741873e-06   -0.0005484848       0.3388261       -103.4111
     7.8127e-06    -0.001417954      0.06285536        56.80434
      -1019.231       -865.3846
