              0               0               0       -3846.154
  -2.279581e-06    4.529576e-05       0.9996497       -23.67498
   1.590564e-06    -0.001916593      0.02363139        78.84022
       293.8657        318.3545
  -1.415742e-28    4.900644e-26               1       -3846.154
  -1.554683e-10    1.292128e-07    -0.005445708       0.7989348
  -1.793038e-09    1.562505e-06      0.01051876         78.2929
      -3846.154       -3269.231
              0               0               0       -3269.231
  -1.765263e-06    8.132916e-05       0.9987522       -29.83106
   1.498593e-06    -0.001715128      0.05106798        84.39914
       330.1311        357.6421
  -1.415742e-28    4.900644e-26               1       -3846.154
   9.955448e-11   -3.560631e-09     -0.01070163       -23.67498
  -4.187616e-10   -6.245326e-08     0.009810873        78.84022
      -3846.154       -3269.231
