              0               0               0        711.5385
   -2.13853e-05     0.002156232       0.9057322       -27.47721
   1.489904e-05    -0.004552913       0.4222801        117.5978
       117.9538        134.8043
  -5.749011e-22    2.093553e-19               1        711.5385
   -2.67401e-06     0.000954737       0.1244225       -11.70521
   7.161783e-06    -0.001245324       -0.280013         123.492
       711.5385        865.3846
              0               0               0        865.3846
  -4.625548e-06    0.0003077428        0.992944        0.756688
  -5.209714e-06    -0.002396775       0.1183985        75.65584
       137.1671        156.7624
  -5.749011e-22    2.093553e-19               1        711.5385
  -2.778829e-06    0.0009099205       0.1093037       -27.47721
   6.650779e-06    -0.001092351       -0.261984        117.5978
       711.5385        865.3846
