              0               0               0       -2115.385
  -2.323083e-05    0.0002968327       0.9890093        119.9969
   9.868231e-06    -0.001118412      -0.2043983        82.88449
       570.4299        603.9846
   7.503431e-27   -2.744361e-24               1       -2115.385
  -1.271183e-08   -4.468327e-06      0.01445026        152.6394
   7.167515e-08   -9.097744e-06      0.01976248        75.13954
      -2115.385       -1538.462
              0               0               0       -1538.462
  -2.044694e-05      0.00039932        1.006822        120.6691
   5.707135e-06   -0.0009812025     -0.07910304        101.2055
       622.1401        658.7366
   7.503431e-27   -2.744361e-24               1       -2115.385
  -2.847847e-08    8.464348e-07      0.01015556        119.9969
   5.429545e-08   -7.325485e-06      0.01791089        82.88449
      -2115.385       -1538.462
