              0               0               0               0
   9.010415e-06     0.003189437      -0.7089827       -57.33423
  -9.591834e-06     0.003205175       0.7047577       -49.19323
       596.5682        613.6139
   8.523301e-22   -1.673124e-19               1               0
   -8.96704e-08   -5.965351e-05       0.0272726       -68.44801
   1.047998e-08    8.871155e-05      -0.0271191       -36.29635
              0        307.6923
              0               0               0        307.6923
   1.437665e-05      0.00302942      -0.7096797       -57.21523
   -4.35548e-06     0.003044226       0.7041799        -48.7426
      -84.85376       -67.88301
   8.523301e-22   -1.673124e-19               1               0
  -1.331946e-07    -5.51524e-05      0.02996687       -57.33423
  -1.291901e-07    0.0001136011     -0.02125862       -49.19323
              0        307.6923
