              0               0               0        4423.077
   1.484009e-06   -9.094277e-05      -0.9982082        79.22023
  -1.125636e-05     0.001700642      -0.0600476       -13.80954
      -194.8364        -173.188
  -1.362311e-27    6.195073e-40               1        4423.077
   6.667205e-10   -1.865995e-07    -0.008509812        57.58296
  -1.573165e-08   -5.823071e-06      0.01946558       -14.42667
       4423.077            5000
              0               0               0            5000
   2.020648e-06   -0.0001288139      -0.9972106        71.35915
  -1.373932e-05      0.00192194     -0.07427152       -7.349895
      -167.7609       -149.1208
  -1.362311e-27    6.195073e-40               1        4423.077
   1.174502e-09   -2.735432e-09     -0.01401522        79.22023
  -2.013286e-08   -7.488153e-06      0.02221784       -13.80954
       4423.077            5000
