              0               0               0        3269.231
   2.835531e-07    2.854357e-05      -0.9995462        66.30192
  -8.292605e-07    0.0008218349      0.03019451        -27.6597
      -221.4319       -193.7529
   6.811555e-27   -9.431384e-24               1        3269.231
   1.725412e-10   -1.149429e-06    -0.001286825        38.66338
   1.651679e-08   -1.191403e-05     0.007101132        -26.2119
       3269.231        3846.154
              0               0               0        3846.154
   2.751633e-07    3.877538e-05      -0.9988086        62.30234
  -1.609985e-08    0.0007483396      0.04863516       -24.57412
      -198.3068       -173.5184
   6.811555e-27   -9.431384e-24               1        3269.231
  -2.320502e-10   -9.389136e-07    -0.006313702        66.30192
   2.169542e-08   -1.614499e-05     0.007441641        -27.6597
       3269.231        3846.154
