              0               0               0       -307.6923
  -1.511893e-05    -0.001375462       0.9508591        53.13563
   4.898488e-06    -0.004400791      -0.3090509        132.4487
        207.392        224.6747
  -2.352002e-22    4.979552e-20               1       -307.6923
   4.044553e-07   -0.0002729985      0.04460774        69.08013
  -6.727479e-07    0.0004332885     -0.07571276        125.8183
      -307.6923               0
              0               0               0               0
  -1.061724e-05    -0.001484735       0.9512987        53.01146
   9.959273e-06    -0.004532024      -0.3080275        130.4632
       204.5295        221.5736
  -2.352002e-22    4.979552e-20               1       -307.6923
   4.458421e-07   -0.0003075956      0.05203133        53.13563
  -6.151465e-07    0.0003950048     -0.06975414        132.4487
      -307.6923               0
