              0               0               0        865.3846
   1.822915e-06   -8.925479e-05       0.9672916        116.5764
   6.678157e-06    -0.000330353      -0.2537019        60.81479
       254.7389        274.3343
   1.528862e-22   -5.598364e-20               1        865.3846
  -7.201624e-07    0.0003201908       0.4137717        135.5102
  -5.659131e-06     0.001527529      -0.2622941        55.76682
       865.3846        1019.231
              0               0               0        1019.231
   4.576758e-07    7.809025e-05       0.9338804        179.2566
   1.385765e-06    0.0002017975      -0.3575657        40.29005
       345.2712        371.8305
   1.528862e-22   -5.598364e-20               1        865.3846
  -4.929832e-07    0.0002615059       0.3788582        116.5764
   -6.04237e-06     0.001768466      -0.2624679        60.81479
       865.3846        1019.231
