              0               0               0        557.6923
  -1.714154e-05    0.0009481841       0.9828244      -0.7685862
   9.163883e-07    -0.004963005       0.1858596        147.0449
       142.9752        158.8614
   2.146718e-21   -7.814377e-19               1        557.6923
   2.025146e-06    5.523902e-05     -0.01401615        15.01527
  -2.060738e-06   -0.0005139486    -0.005479801        148.7487
       557.6923        711.5385
              0               0               0        711.5385
  -1.449614e-05    0.0006749081       0.9896728        4.741792
   1.094531e-06     -0.00445226       0.1424826        127.0953
       151.6549        168.5054
   2.146718e-21   -7.814377e-19               1        557.6923
   2.101734e-06    8.865245e-06     -0.01529161      -0.7685862
  -1.886971e-06   -0.0005048776    -0.007336561        147.0449
       557.6923        711.5385
