              0               0               0       -1173.077
   3.056909e-06    0.0001194298       0.8460394        -155.779
  -5.323084e-06   -0.0001845224       0.5331865        31.47049
       322.8357        358.7063
    7.61619e-25   -4.849574e-23               1       -1173.077
  -3.405664e-06     0.001002151       0.2383692       -125.1362
  -4.176664e-06    0.0006502697       0.1110915        50.11311
      -1173.077       -1019.231
              0               0               0       -1019.231
   3.212692e-06     0.000122704       0.9214449       -103.4111
  -8.649828e-06   -0.0002822457       0.3886106        56.80434
       254.8682        283.1869
    7.61619e-25   -4.849574e-23               1       -1173.077
  -3.499032e-06     0.001066453       0.2591387        -155.779
  -4.915034e-06    0.0008505227       0.1501525        31.47049
      -1173.077       -1019.231
