              0               0               0        1173.077
  -1.664508e-06   -0.0004003509       0.9566465        87.75446
  -3.726401e-07    -0.001327283      -0.2912114        82.64721
       269.4317        303.1107
   2.578164e-24   -2.333275e-21               1        1173.077
    6.22812e-07    -0.000668747       0.2050541        119.4556
   -2.32024e-07    0.0002266701     -0.04283489        71.31978
       1173.077        1538.462
              0               0               0        1538.462
  -1.603202e-06   -0.0003433763       0.9607401        100.6861
  -7.999537e-07    -0.001205718       -0.277647        86.49515
       294.2492        331.0303
   2.578164e-24   -2.333275e-21               1        1173.077
   5.572832e-07   -0.0005937037       0.1779216        87.75446
  -1.056797e-07    9.546533e-05     -0.01024153        82.64721
       1173.077        1538.462
