              0               0               0       -4423.077
    -1.3846e-07   -1.542772e-05      -0.9777867       -124.4243
   -6.13263e-07     -7.5446e-05       0.2096511         1.49795
       708.3827        729.8232
   2.831483e-29     1.28761e-41               1       -4423.077
   3.941562e-09   -1.171656e-06     -0.04172259       -145.3971
   2.904139e-08   -1.159165e-05      -0.0248458        5.952262
      -4423.077       -3846.154
              0               0               0       -3846.154
   1.000579e-07    1.801653e-05      -0.9824229       -144.9893
   3.756236e-07    9.951031e-05       0.1866165       -11.31143
       808.9983        833.5538
   2.831483e-29     1.28761e-41               1       -4423.077
   3.477563e-09   -9.491005e-07     -0.03625591       -124.4243
    2.87429e-08   -1.131473e-05       -0.025242         1.49795
      -4423.077       -3846.154
