              0               0               0        2692.308
  -4.940714e-07    0.0001494027       0.9781311        343.3287
  -3.230802e-07    0.0006814217       -0.207986        18.14489
       522.5685        553.3079
  -2.588391e-26    3.536769e-23               1        2692.308
  -2.964136e-10     -5.5861e-08     -0.05961549        373.5226
   4.486347e-09   -1.802438e-05      0.03008709        12.38604
       2692.308        3269.231
              0               0               0        3269.231
  -7.544731e-07    0.0001478043       0.9846059        311.6627
  -1.535759e-06    0.0008080892      -0.1747323        28.86158
       471.2406        498.9607
  -2.588391e-26    3.536769e-23               1        2692.308
  -1.567749e-10    2.259554e-08     -0.05484853        343.3287
   4.408688e-09   -1.675545e-05      0.02677481        18.14489
       2692.308        3269.231
