              0               0               0           -5000
     1.4026e-06   -9.954517e-05      -0.9974558        23.16044
  -3.902879e-07     0.001170982     -0.06856843       -6.790631
       479.9252        498.3635
   2.831483e-29   -4.900644e-26               1           -5000
  -5.323367e-10    1.636008e-06    -0.004123791        4.743993
   8.767351e-09   -1.846806e-05    -0.002587337       -7.659263
          -5000       -4423.077
              0               0               0       -4423.077
   9.676359e-07   -9.726055e-05      -0.9964343        24.20648
   1.313265e-07    0.0009814695     -0.08183997       -12.31312
       558.2987        579.7393
   2.831483e-29   -4.900644e-26               1           -5000
  -7.443955e-10    2.087177e-06    0.0008567527        23.16044
   6.561123e-09    -1.36754e-05    -0.003866457       -6.790631
          -5000       -4423.077
