              0               0               0       -557.6923
  -1.810959e-05   -0.0008836856       0.9799471        41.43711
   2.450421e-06    -0.004744256      -0.1989643        145.0564
       214.1604        232.0071
   8.804966e-23   -1.624172e-20               1       -557.6923
  -1.131247e-06    0.0005754368     -0.03100183        58.54153
   2.036395e-06    -0.001094008        0.089467        140.0084
      -557.6923       -307.6923
              0               0               0       -307.6923
  -1.511893e-05    -0.001375462       0.9508591        53.13563
   4.898488e-06    -0.004400791      -0.3090509        132.4487
        207.392        224.6747
   8.804966e-23   -1.624172e-20               1       -557.6923
  -1.314178e-06    0.0006780378     -0.04057922        41.43711
   1.889197e-06    -0.001021893      0.08696788        145.0564
      -557.6923       -307.6923
