              0               0               0       -1019.231
   7.188628e-07   -3.168346e-05      -0.9994417       -61.39975
   -1.24032e-05     0.001575896     -0.02421664       -36.83213
        849.061        877.3297
   -3.17765e-24    3.030207e-22               1       -1019.231
   9.835599e-07   -4.392621e-05       0.2143834       -89.66177
  -5.309604e-06   -0.0001519554       0.3287916       -36.53757
      -1019.231       -865.3846
              0               0               0       -865.3846
  -2.344313e-06    0.0002732569      -0.9922456       -33.05513
  -2.231091e-05     0.002055802       0.1222128       -12.21405
       641.0577        662.4077
   -3.17765e-24    3.030207e-22               1       -1019.231
   1.017015e-06   -2.172106e-05       0.1635104       -61.39975
  -5.333565e-06   -5.022255e-05       0.2939823       -36.83213
      -1019.231       -865.3846
