              0               0               0        711.5385
  -9.597885e-06    -0.001101347        0.961476        54.79122
   5.548032e-06    -0.003926622       -0.274475        123.4115
       202.2065         219.057
  -5.749011e-22    2.093553e-19               1        711.5385
  -1.690035e-06     0.001041522       0.1783924        70.63397
   6.962728e-06    -0.001445101      -0.3122164        117.6981
       711.5385        865.3846
              0               0               0        865.3846
  -4.073809e-08   -8.685996e-05       0.9707427        97.58805
   7.229497e-07   -0.0003728523      -0.2399224        65.65387
       235.1436        254.7389
  -5.749011e-22    2.093553e-19               1        711.5385
  -1.816371e-06     0.001011017       0.1656294        54.79122
   7.493675e-06    -0.001512095      -0.3201598        123.4115
       711.5385        865.3846
