              0               0               0        557.6923
  -0.0001822389     0.006187159     -0.03398166       -84.75004
  -3.782571e-06    0.0001490203       0.9977512        6.227657
      -39.44484       -19.72242
   2.146718e-21   -7.814377e-19               1        557.6923
  -4.289193e-07   -0.0001691633    -0.004321791       -84.41164
   3.367861e-06   -0.0008628544     -0.05273116        25.93467
       557.6923        711.5385
              0               0               0        711.5385
  -3.158679e-05     0.004421483      -0.4047455       -84.92134
  -2.008346e-06     0.001664808       0.9110618       -6.169072
      -33.73667       -16.86833
   2.146718e-21   -7.814377e-19               1        557.6923
  -4.563207e-07     3.86397e-05     0.003742476       -84.75004
   3.459147e-06   -0.0007319994     -0.04983676        6.227657
       557.6923        711.5385
