              0               0               0       -711.5385
  -1.135388e-05    -0.002474296       0.7376063        103.6026
  -3.398253e-06    -0.002658256      -0.6740319        80.54679
       267.2157        283.9167
  -4.461828e-23    4.351327e-21               1       -711.5385
   1.360904e-06   -0.0003290126    -0.008348562        115.1783
  -3.109358e-06    0.0003689673       0.1809574        68.53252
      -711.5385       -557.6923
              0               0               0       -557.6923
  -6.184812e-06    -0.003872149       0.6241643        101.1913
    1.45431e-05    -0.003071115      -0.7816956        108.6291
       285.5472        303.3939
  -4.461828e-23    4.351327e-21               1       -711.5385
   2.015068e-06   -0.0006008542      0.02907193        103.6026
  -2.883039e-06    0.0002214884       0.2166973        80.54679
      -711.5385       -557.6923
