              0               0               0       -711.5385
  -0.0005361299   -0.0004502745       0.4661889        133.2618
   6.054288e-05    -0.003092746      -0.9125832        40.55323
       317.3186        334.0196
  -4.461828e-23    4.351327e-21               1       -711.5385
  -4.300149e-07    0.0005526972      -0.1687436        138.4245
  -3.653892e-06    0.0007575919      0.08476217        24.73159
      -711.5385       -557.6923
              0               0               0       -557.6923
   1.514318e-05    -0.004717156       0.1585076        122.5673
   1.499512e-05   -0.0007341474      -0.9874742        60.16982
       339.0873         356.934
  -4.461828e-23    4.351327e-21               1       -711.5385
   1.709654e-07    0.0002476161      -0.1116555        133.2618
  -3.600511e-06    0.0006880252        0.106877        40.55323
      -711.5385       -557.6923
