              0               0               0        3269.231
   2.645811e-07    0.0001070648       0.9963868        366.5968
    1.08598e-05     0.001583477     -0.07071797        21.66049
       526.6807        554.4008
   6.811555e-27   -9.431384e-24               1        3269.231
   6.388433e-10   -1.036118e-06     -0.07023614        394.3046
   6.039994e-09   -1.225225e-05      0.01669408        21.14824
       3269.231        3846.154
              0               0               0        3846.154
   6.353586e-08    9.135435e-05       0.9975815          328.88
   1.167516e-05     0.001720354     -0.05209657        27.92333
       469.0073        493.6919
   6.811555e-27   -9.431384e-24               1        3269.231
   4.574904e-10   -8.279792e-07     -0.06505032        366.5968
   5.364914e-09   -1.109435e-05      0.01547053        21.66049
       3269.231        3846.154
