              0               0               0        711.5385
   1.898393e-05    -0.001983646      -0.9039493        72.38847
  -1.883144e-05     0.004214778      -0.4254213       -61.50165
      -219.2883         -202.42
  -5.749011e-22    2.093553e-19               1        711.5385
  -3.643454e-06     0.001468566       0.1398668        56.66705
  -9.455463e-06     0.001762605       0.3240553       -67.56891
       711.5385        865.3846
              0               0               0        865.3846
  -8.433003e-07   -4.962283e-05      -0.9714028        118.7344
   4.075092e-06    0.0001978894      -0.2373983       -5.881646
      -254.6999       -235.1076
  -5.749011e-22    2.093553e-19               1        711.5385
  -3.786917e-06     0.001623965       0.1410388        72.38847
  -9.769181e-06     0.001877517       0.3039045       -61.50165
       711.5385        865.3846
