              0               0               0        2115.385
  -4.025515e-07    2.748897e-06      -0.9967029        204.1508
   4.608209e-06   -2.218105e-05     -0.08090934       -45.47438
      -404.4539       -370.7494
   9.672408e-26   -1.320394e-22               1        2115.385
   5.313332e-09   -1.285651e-05     -0.01054711        170.5451
   1.354572e-08   -2.195904e-05      0.03557243       -48.05014
       2115.385        2692.308
              0               0               0        2692.308
   -8.72312e-07    6.282001e-06       -0.989347        191.5796
   5.561963e-06   -3.344169e-05      -0.1454096       -27.90255
      -368.2301       -337.5443
   9.672408e-26   -1.320394e-22               1        2115.385
   5.379886e-09    -1.30091e-05     -0.01607542        204.1508
    1.58468e-08   -2.651134e-05      0.04047839       -45.47438
       2115.385        2692.308
