              0               0               0        711.5385
  -1.059886e-05   -0.0005655576       0.9895643        38.32782
  -2.784503e-06    -0.003785861      -0.1445155        126.9349
        185.356        202.2065
  -5.749011e-22    2.093553e-19               1        711.5385
  -1.816371e-06     0.001011017       0.1656294        54.79122
   7.493675e-06    -0.001512095      -0.3201598        123.4115
       711.5385        865.3846
              0               0               0        865.3846
   1.386166e-06    -0.000168347       0.9757435        78.52227
   4.925376e-06    -0.000662395      -0.2196364          70.175
       215.5483        235.1436
  -5.749011e-22    2.093553e-19               1        711.5385
  -2.022269e-06    0.0009967679       0.1557793        38.32782
   7.732646e-06     -0.00151439      -0.3189779        126.9349
       711.5385        865.3846
