              0               0               0           -5000
  -3.040544e-07   -1.584905e-05      -0.9748604       -104.4911
    -1.3648e-06   -6.995757e-05        0.222829        6.775338
       608.9934        627.4317
   2.831483e-29   -4.900644e-26               1           -5000
   3.941562e-09    -7.99359e-06     -0.03643495       -122.4732
   2.904139e-08    -6.18556e-05      0.01752761        10.85159
          -5000       -4423.077
              0               0               0       -4423.077
    -1.3846e-07   -1.542772e-05      -0.9777867       -124.4243
   -6.13263e-07     -7.5446e-05       0.2096511         1.49795
       708.3827        729.8232
   2.831483e-29   -4.900644e-26               1           -5000
   3.477563e-09    -6.96796e-06     -0.03168837       -104.4911
    2.87429e-08   -6.106205e-05      0.01651384        6.775338
          -5000       -4423.077
