              0               0               0       -1538.462
  -2.863634e-08    2.614502e-06      -0.9985573       -316.1393
   2.894703e-07   -4.253391e-05     -0.05356501       -81.52018
       1316.649        1353.194
  -5.358563e-26    1.024235e-23               1       -1538.462
   1.324054e-06   -0.0001287457     -0.07564641       -352.6295
   2.092961e-06   -0.0003479027       -0.218761       -83.52039
      -1538.462       -1173.077
              0               0               0       -1173.077
  -1.154113e-07    9.730355e-06      -0.9916129       -297.3702
   7.309448e-07   -7.114448e-05      -0.1290827        -103.123
       1290.315        1326.122
  -5.358563e-26    1.024235e-23               1       -1538.462
   1.177157e-06   -0.0001120754     -0.06483873       -316.1393
   1.908767e-06   -0.0003145595      -0.1990199       -81.52018
      -1538.462       -1173.077
