              0               0               0       -2115.385
   5.315806e-06   -0.0002382782       0.9870445        86.94436
   -4.14906e-06   -0.0007007505      -0.1433569        88.64052
       536.8752        570.4299
   7.503431e-27   -2.744361e-24               1       -2115.385
  -2.847847e-08    8.464348e-07      0.01015556        119.9969
   5.429545e-08   -7.325485e-06      0.01791089        82.88449
      -2115.385       -1538.462
              0               0               0       -1538.462
   4.886324e-06   -0.0001371467       0.9972273        84.11825
  -2.908993e-06   -0.0006618258     -0.01897399        102.9288
       585.5436        622.1401
   7.503431e-27   -2.744361e-24               1       -2115.385
  -4.300528e-08    5.990819e-06     0.005959042        86.94436
   3.576043e-08   -5.126064e-06       0.0158212        88.64052
      -2115.385       -1538.462
