              0               0               0       -865.3846
  -2.003935e-06     0.000123103      -0.9837833       -54.13792
  -1.008706e-05    0.0006267826       0.1794862       -8.884835
       662.4077        683.7578
   1.194898e-23   -1.163587e-21               1       -865.3846
  -1.946024e-06    0.0003850074       0.3138689       -75.10516
   7.365739e-06     -0.00264068     -0.08691174       -4.865252
      -865.3846       -711.5385
              0               0               0       -711.5385
   6.543035e-06    0.0006005994      -0.9844909       -8.502345
  -5.937125e-06     0.003356292       0.1765959       -57.78759
       518.2448        534.9926
   1.194898e-23   -1.163587e-21               1       -865.3846
  -1.569827e-06    0.0004100245       0.2707062       -54.13792
   7.499391e-06    -0.002602542     -0.09497722       -8.884835
      -865.3846       -711.5385
