              0               0               0       -307.6923
  -1.034575e-05     0.003883031       0.5764866       -69.62257
  -1.065342e-05    -0.002746324       0.8173471        92.38317
       69.13068        86.41335
  -2.352002e-22    4.979552e-20               1       -307.6923
   2.080122e-07   -0.0001716694      0.03728392       -58.55293
   2.543576e-07   -0.0002364069      0.04301422        105.6338
      -307.6923               0
              0               0               0               0
  -4.151273e-06     0.003514037       0.5925729       -68.37432
  -1.369854e-05    -0.002601544       0.8055319        90.99084
       68.17649        85.22061
  -2.352002e-22    4.979552e-20               1       -307.6923
   5.041331e-08   -5.969575e-05       0.0176519       -69.62257
   3.712478e-07   -0.0003277209      0.06116438        92.38317
      -307.6923               0
