              0               0               0       -865.3846
  -6.640217e-07   -7.561232e-05      -0.9905547        73.36847
  -3.122179e-07    0.0009928069      -0.1422326       -9.161252
       534.3072        555.6573
   1.194898e-23   -1.163587e-21               1       -865.3846
  -6.562683e-07    0.0005432649      0.06900144        52.17911
   6.674145e-06     -0.00177013      -0.1164797       -11.74842
      -865.3846       -711.5385
              0               0               0       -711.5385
   1.765549e-05    -0.002227586      -0.8498779        88.03878
  -1.226377e-05     0.003574147      -0.5259298       -39.39894
       417.7583        434.5061
   1.194898e-23   -1.163587e-21               1       -865.3846
  -5.900864e-07    0.0005277305      0.02813427        73.36847
    6.03957e-06    -0.001461568      -0.1146367       -9.161252
      -865.3846       -711.5385
