              0               0               0        4423.077
   5.624918e-06    6.629191e-05      -0.9926613       -7.191905
   3.401313e-06     0.000988345       0.1268834       -10.40083
      -108.2425       -86.59398
  -1.362311e-27    6.195073e-40               1        4423.077
   -3.98018e-10   -5.247739e-07       0.0126543       -28.59339
  -4.961676e-09   -1.407437e-06     0.009774107       -7.156292
       4423.077            5000
              0               0               0            5000
   7.218991e-06    7.218747e-05      -0.9944792       -3.078572
    1.59802e-06     0.001293867       0.1115012       -5.476895
       -93.2005        -74.5604
  -1.362311e-27    6.195073e-40               1        4423.077
  -1.704197e-10   -4.646005e-07     0.007454538       -7.191905
  -6.764098e-09   -2.207128e-06      0.01205953       -10.40083
       4423.077            5000
