              0               0               0        2115.385
  -5.252113e-07    8.713201e-06      -0.9953455        439.4088
   7.290682e-06   -0.0001790453     -0.09500863        -27.8172
      -640.3853       -606.6808
   9.672408e-26   -1.320394e-22               1        2115.385
   7.675025e-09   -1.536853e-05     -0.04894892         405.851
   2.265664e-08   -5.063352e-05        0.070477       -30.94366
       2115.385        2692.308
              0               0               0        2692.308
   -1.21718e-06    2.479761e-05      -0.9871727        404.2738
   8.564379e-06   -0.0001929615      -0.1591424         2.03153
       -583.031       -552.3452
   9.672408e-26   -1.320394e-22               1        2115.385
   8.779242e-09   -1.627351e-05     -0.05443423        439.4088
   2.214662e-08   -5.398189e-05       0.0755099        -27.8172
       2115.385        2692.308
