              0               0               0        711.5385
   1.609768e-06     0.001874184      -0.9170042       -25.79096
  -2.162415e-05     0.004243252       0.3979228       -63.57889
      -118.0783         -101.21
  -5.749011e-22    2.093553e-19               1        711.5385
  -2.316629e-06     0.000400594       0.1478007       -40.71829
   -6.29335e-06     0.001338044       0.1962007       -55.76301
       711.5385        865.3846
              0               0               0        865.3846
   9.422154e-07    0.0001070677      -0.9971714        2.554886
  -4.049733e-06     0.001418377      0.07507636       -18.80968
      -137.1461       -117.5538
  -5.749011e-22    2.093553e-19               1        711.5385
  -2.599497e-06      0.00055922       0.1597407       -25.79096
  -7.007554e-06     0.001394392       0.2423373       -63.57889
       711.5385        865.3846
