              0               0               0       -2115.385
   2.602436e-07   -0.0001062785       -0.986177        2.049118
  -3.389654e-07    0.0006517683      -0.1658038       -39.33701
       905.5969        939.0973
   7.503431e-27   -2.744361e-24               1       -2115.385
  -3.880711e-09    1.214035e-05     0.004120777       -31.09771
  -4.791972e-08    1.155578e-05      -0.0127265       -44.17278
      -2115.385       -1538.462
              0               0               0       -1538.462
   2.055308e-07   -0.0001659303      -0.9578311        9.790764
  -1.982977e-07    0.0005678718       -0.287438       -47.11478
       987.7444        1024.289
   7.503431e-27   -2.744361e-24               1       -2115.385
   3.434547e-09    8.226671e-06     0.007529541        2.049118
  -2.904482e-08    9.204071e-06    -0.009124232       -39.33701
      -2115.385       -1538.462
