              0               0               0       -307.6923
  -1.251062e-05     0.002133105       0.8893765       -30.81782
  -1.186199e-05     -0.00407975        0.458041        126.0259
       120.9787        138.2614
  -2.352002e-22    4.979552e-20               1       -307.6923
   4.822134e-07   -0.0003560651      0.06654496       -14.87447
   -1.79748e-07    8.834644e-05     -0.01762892        132.6622
      -307.6923               0
              0               0               0               0
  -1.468047e-05     0.002165191       0.8905011       -29.79633
    -5.3437e-06     -0.00417294       0.4554215        123.8424
       119.3089         136.353
  -2.352002e-22    4.979552e-20               1       -307.6923
   4.259509e-07    -0.000320861      0.06171961       -30.81782
  -3.177686e-08   -2.058931e-05     0.002247268        126.0259
      -307.6923               0
