              0               0               0        711.5385
  -2.445183e-05     0.003129371       0.7528609       -55.60962
   1.647989e-05    -0.003695022       0.6577126        99.23699
       84.25271        101.1033
  -5.749011e-22    2.093553e-19               1        711.5385
  -2.738491e-06    0.0008282747      0.09065596       -42.15194
   5.952908e-06   -0.0008975258      -0.2423927        109.3495
       711.5385        865.3846
              0               0               0        865.3846
  -6.378262e-07     0.000421076       0.9636299       -37.61198
  -1.603579e-06    -0.001707971       0.2694631        67.87925
       97.97652        117.5718
  -5.749011e-22    2.093553e-19               1        711.5385
  -2.566929e-06    0.0007182035      0.06724749       -55.60962
   5.144112e-06   -0.0006851512      -0.2201715        99.23699
       711.5385        865.3846
