              0               0               0        557.6923
  -6.819429e-06    -0.004267478      -0.3431077        107.9879
    2.25369e-05     0.001503393      -0.9393977       -30.71287
      -315.5587       -295.8363
   2.146718e-21   -7.814377e-19               1        557.6923
   4.981021e-06   -0.0004401201     -0.04306613         99.5087
   5.012395e-06    -0.000289428     -0.03988632       -48.48239
       557.6923        711.5385
              0               0               0        711.5385
   2.829353e-05    -0.003776792      -0.6613931        112.6991
  -6.894217e-06     0.003289507      -0.7492848       -31.48106
      -269.8933        -253.025
   2.146718e-21   -7.814377e-19               1        557.6923
   4.834066e-06   -0.0003055476     -0.03678552        107.9879
   5.608875e-06   -0.0005500417     -0.05312587       -30.71287
       557.6923        711.5385
