              0               0               0        2115.385
  -0.0004109016      0.03515392       0.1140432       -175.0557
   2.829657e-05    -0.006134769       0.6734514        49.86753
              0        33.76308
   9.672408e-26   -1.320394e-22               1        2115.385
  -3.715264e-09    7.453038e-06      0.01933602       -146.9465
  -6.598004e-09    1.981338e-05     -0.03246406         66.7011
       2115.385        2692.308
              0               0               0        2692.308
  -0.0004981515      0.03902816       0.0711165       -158.6187
   2.559061e-06     -0.00429196       0.6818269        36.32182
              0        30.73933
   9.672408e-26   -1.320394e-22               1        2115.385
   -3.12936e-09    5.789823e-06      0.02619212       -175.0557
  -8.385462e-09    2.366512e-05     -0.03434116        49.86753
       2115.385        2692.308
