              0               0               0        1019.231
   0.0001391555    -0.008458638        1.084783        -130.148
   5.069331e-05    -0.004204243       0.3613414         60.9422
       26.55932        53.11865
  -3.664376e-23    1.457923e-20               1        1019.231
  -2.437581e-07    0.0001804901     -0.07280309       -104.6965
  -1.371239e-06    9.410351e-05       0.2027498        68.52325
       1019.231        1173.077
              0               0               0        1173.077
   8.861812e-05    -0.006958348        1.123905       -145.8573
   1.889882e-05    -0.002333294       0.1972418        92.23144
       33.67897        67.35794
  -3.664376e-23    1.457923e-20               1        1019.231
   2.247488e-07    0.0001013949       -0.123029        -130.148
   -1.80781e-06    0.0002139904       0.2132469         60.9422
       1019.231        1173.077
