              0               0               0       -307.6923
  -1.248351e-05   -0.0007282169       0.9872162        36.35586
  -4.213089e-06    -0.004182351      -0.1607113        136.4972
       190.1094         207.392
  -2.352002e-22    4.979552e-20               1       -307.6923
   4.458421e-07   -0.0003075956      0.05203133        53.13563
  -6.151465e-07    0.0003950048     -0.06975414        132.4487
      -307.6923               0
              0               0               0               0
  -1.561394e-05   -0.0006863569       0.9883031         36.4434
  -8.206105e-07    -0.004490065      -0.1542539        134.4008
       187.4853        204.5295
  -2.352002e-22    4.979552e-20               1       -307.6923
   4.803901e-07   -0.0003375477      0.05866464        36.35586
   -5.38507e-07     0.000342561     -0.06123394        136.4972
      -307.6923               0
