              0               0               0       -1019.231
   3.179057e-05    -0.002617039      -0.8574392        156.2335
   1.340024e-05    0.0002147863      -0.4394296        18.73999
       622.9112        651.1799
   -3.17765e-24    3.030207e-22               1       -1019.231
   7.798894e-07    1.992578e-05      -0.1214851        130.6216
  -2.259031e-06    0.0003511476     -0.05076698        6.792225
      -1019.231       -865.3846
              0               0               0       -865.3846
   6.374478e-05    -0.003610763      -0.9115597        135.7304
   4.987737e-06     0.001193516      -0.3083627        5.058224
        470.257        491.6071
   -3.17765e-24    3.030207e-22               1       -1019.231
   3.860154e-07    4.065854e-05      -0.1486614        156.2335
  -1.286556e-06    0.0003527538      -0.1127502        18.73999
      -1019.231       -865.3846
