              0               0               0       -3846.154
  -0.0001271611     0.006407991      -0.9970046        144.2174
  -0.0001092771     0.008885121      -0.5501134         10.6421
       514.3317        538.8873
  -1.415742e-28    4.900644e-26               1       -3846.154
   1.530597e-09   -1.603462e-06      0.02267731        121.7165
   -1.74151e-09    3.284083e-06     -0.00261846       0.8732705
      -3846.154       -3269.231
              0               0               0       -3269.231
  -0.0001049198     0.005931745       -0.995866        159.6185
  -8.537373e-05     0.007784213      -0.5572247        11.32523
       577.6924        605.1663
  -1.415742e-28    4.900644e-26               1       -3846.154
   1.368088e-09   -1.709438e-06      0.02722607        144.2174
   -5.31771e-10    2.277587e-06    4.709685e-05         10.6421
      -3846.154       -3269.231
