              0               0               0       -4423.077
  -1.987156e-06   -0.0001531146       0.9974252        3.895987
    5.10777e-06    -0.002005366     -0.07352788        72.50877
        279.276        300.7587
   2.831483e-29     1.28761e-41               1       -4423.077
   6.331191e-10   -7.019321e-07    2.959729e-05        25.23307
   2.260005e-09   -7.296423e-07     0.009353112        70.05433
      -4423.077       -3846.154
              0               0               0       -3846.154
  -1.477505e-06   -0.0001221769       0.9977669       0.7989348
   5.302163e-06     -0.00179974     -0.06737717         78.2929
       318.3545        342.8433
   2.831483e-29     1.28761e-41               1       -4423.077
   4.567672e-10   -6.613458e-07    -0.005138708        3.895987
   1.227381e-09   -5.618076e-07     0.009941433        72.50877
      -4423.077       -3846.154
