              0               0               0        2115.385
   9.775653e-10    5.267396e-06      -0.9975689        304.9692
   4.023874e-08   -7.483076e-05     -0.06970969       -37.76266
      -505.5673       -471.8628
   9.672408e-26   -1.320394e-22               1        2115.385
   5.692542e-09   -1.338927e-05       -0.027156        271.3526
   1.931741e-08   -3.501415e-05      0.05026852       -40.19565
       2115.385        2692.308
              0               0               0        2692.308
   2.218856e-08    9.829944e-06      -0.9909361        282.7201
  -1.273608e-07   -7.213657e-05      -0.1343514       -14.94502
      -460.2876       -429.6018
   9.672408e-26   -1.320394e-22               1        2115.385
   5.979415e-09   -1.369605e-05      -0.0326536        304.9692
   2.075847e-08   -3.925349e-05      0.05528756       -37.76266
       2115.385        2692.308
