              0               0               0           -5000
  -1.364857e-06   -8.833651e-05       0.9963424       -193.5321
  -2.501546e-06     0.001294595      0.08389464        35.62457
       36.92954         55.3943
   2.831483e-29   -4.900644e-26               1           -5000
   -3.49363e-10    5.362305e-07     -0.05546326       -175.1736
  -6.708601e-10   -5.835801e-07    -0.001846604        37.59931
          -5000       -4423.077
              0               0               0       -4423.077
  -1.172682e-06   -8.091573e-05       0.9950417       -228.3875
   2.714096e-06    0.0008816196      0.09977846         33.6336
       42.96553         64.4483
   2.831483e-29   -4.900644e-26               1           -5000
   -4.33123e-10    7.326733e-07     -0.06069456       -193.5321
  -5.885787e-10   -9.400171e-07    -0.002712802        35.62457
          -5000       -4423.077
