              0               0               0       -2115.385
   1.207133e-08   -4.479894e-05        0.999468        20.14231
   2.520973e-06    -0.001093125     -0.02683541         94.6458
       469.7658        503.3205
   7.503431e-27   -2.744361e-24               1       -2115.385
  -5.631459e-08    1.093434e-05     0.001857311        53.62917
   1.690478e-08   -2.819463e-06      0.01345875        92.60981
      -2115.385       -1538.462
              0               0               0       -1538.462
  -2.581492e-07    8.566372e-05       0.9949159        11.01388
   1.825615e-06   -0.0009846734      0.09868293           100.3
       512.3507        548.9472
   7.503431e-27   -2.744361e-24               1       -2115.385
  -6.839964e-08    1.570053e-05    -0.002114449        20.14231
  -2.726745e-09   -2.634911e-07      0.01086021         94.6458
      -2115.385       -1538.462
