              0               0               0           -5000
   3.964707e-06    0.0001432405      -0.9971487       -32.11189
     2.8655e-06     0.002063328      0.07521658       -6.954963
       535.2402        553.6785
   2.831483e-29   -4.900644e-26               1           -5000
   8.386462e-10   -1.301103e-06     -0.01852595       -50.42408
    1.97636e-08   -4.185568e-05     0.006532541       -4.848661
          -5000       -4423.077
              0               0               0       -4423.077
   3.497176e-06    8.228845e-05      -0.9981725       -40.05507
   8.106858e-06     0.001588297      0.06112388       -13.33664
       622.6204         644.061
   2.831483e-29   -4.900644e-26               1           -5000
   1.437083e-10    1.777756e-07     -0.01391856       -32.11189
   1.508094e-08   -3.202565e-05     0.002395213       -6.954963
          -5000       -4423.077
