              0               0               0       -865.3846
   1.380404e-07   -0.0001335296       0.9809871       -158.0113
  -1.934982e-06     0.000671897       0.1941031         35.6562
       85.51136        106.8892
   1.194898e-23   -1.163587e-21               1       -865.3846
  -6.892833e-06    0.0007231123       0.5096766       -137.0996
  -8.242699e-06     0.001738725        0.262543        40.09386
      -865.3846       -711.5385
              0               0               0       -711.5385
  -1.843765e-06     0.001772346        0.794125       -80.42019
  -4.922998e-06    -0.002418162       0.6087158        82.15522
       66.80392         83.5049
   1.194898e-23   -1.163587e-21               1       -865.3846
  -6.879846e-06    0.0007602623       0.5502152       -158.0113
  -7.666061e-06     0.001428082        0.263984         35.6562
      -865.3846       -711.5385
