              0               0               0        4423.077
   6.553667e-07   -2.107872e-05      -0.9806466        249.2576
  -3.259193e-06    0.0001043567      -0.1957671        18.45382
      -368.0244       -346.3759
  -1.362311e-27    6.195073e-40               1        4423.077
   6.538134e-09    2.112626e-06       -0.053456        228.0249
  -3.490645e-08   -1.377421e-05       0.0270196         14.2316
       4423.077            5000
              0               0               0            5000
   3.154766e-07    9.250224e-07      -0.9781517         217.374
   -1.73771e-06    7.171009e-06       -0.208016        22.41857
      -316.8817       -298.2416
  -1.362311e-27    6.195073e-40               1        4423.077
   6.177555e-09    2.022374e-06     -0.05848785        249.2576
  -3.051075e-08   -1.239133e-05      0.02417628        18.45382
       4423.077            5000
