              0               0               0        2115.385
   5.763023e-07    -5.03627e-06       0.9299853        214.7617
   1.474933e-06   -1.312667e-05      -0.3675989        50.71012
        405.157        438.9201
   9.672408e-26   -1.320394e-22               1        2115.385
   2.664379e-09    -3.23554e-06     -0.03604091        246.1773
   9.393478e-09   -2.746636e-05      0.03419151        38.34065
       2115.385        2692.308
              0               0               0        2692.308
   5.130033e-07   -3.785465e-06       0.9519134        195.5467
   1.631129e-06   -1.430157e-05       -0.306319        60.11055
       368.8719        399.6112
   9.672408e-26   -1.320394e-22               1        2115.385
   1.787915e-09   -1.279338e-06     -0.03316304        214.7617
   7.931657e-09   -2.358319e-05       0.0272598        50.71012
       2115.385        2692.308
