              0               0               0               0
  -1.561394e-05   -0.0006863569       0.9883031         36.4434
  -8.206105e-07    -0.004490065      -0.1542539        134.4008
       187.4853        204.5295
   8.523301e-22   -1.673124e-19               1               0
  -2.437977e-07    0.0001039509     -0.01062856        53.01146
   5.506866e-07   -0.0001728227    -0.001390415        130.4632
              0        307.6923
              0               0               0        307.6923
  -1.818774e-05   -0.0006791344       0.9878095        36.00411
   1.145399e-06    -0.004730364      -0.1557924        133.7151
       186.6456        203.6133
   8.523301e-22   -1.673124e-19               1               0
  -2.259758e-07    0.0001058893     -0.01261488         36.4434
   5.143173e-07   -0.0001545224     -0.00337591        134.4008
              0        307.6923
