              0               0               0        3269.231
   1.196484e-07    8.817769e-07      -0.9868698        312.6143
  -8.703017e-07    4.187661e-06      -0.1616705        6.351206
      -470.5427       -442.8637
   6.811555e-27   -9.431384e-24               1        3269.231
  -8.190076e-09    4.971756e-06     -0.04692387        285.3019
   5.090821e-08   -4.146956e-05     0.005074691        1.861083
       3269.231        3846.154
              0               0               0        3846.154
   -9.57174e-07   -1.815774e-05       -0.974216        282.4875
   3.182872e-06    0.0001493877       -0.226682        6.240408
      -421.4019       -396.6136
   6.811555e-27   -9.431384e-24               1        3269.231
  -7.716624e-09    4.686147e-06     -0.05235483        312.6143
   4.541628e-08   -3.818936e-05     0.006723908        6.351206
       3269.231        3846.154
