              0               0               0        3269.231
   4.860259e-07    0.0001073863       0.9775321        284.4726
   3.780603e-06    0.0004936938      -0.2108178        34.24558
       443.5206        471.2406
   6.811555e-27   -9.431384e-24               1        3269.231
   -8.01579e-12   -2.487456e-07       -0.054979        311.6627
   4.229312e-09   -9.125024e-06      0.01184377        28.86158
       3269.231        3846.154
              0               0               0        3846.154
   5.021151e-07    0.0001161359       0.9806126        255.5754
   4.397515e-06    0.0005812089      -0.1959291        37.88562
       394.9535        419.6381
   6.811555e-27   -9.431384e-24               1        3269.231
  -2.819637e-10    8.619689e-08     -0.05004442        284.4726
   3.478875e-09   -8.042525e-06     0.009791409        34.24558
       3269.231        3846.154
