              0               0               0        557.6923
  -1.394129e-05     0.002237304       0.8822452       -30.61423
  -3.570258e-06    -0.004187113       0.4696599        136.5007
        111.203        127.0891
   2.146718e-21   -7.814377e-19               1        557.6923
   2.153117e-06   -3.900946e-05     -0.01645863       -16.09003
  -1.591434e-06   -0.0005108159    -0.009837635        142.8908
       557.6923        711.5385
              0               0               0        711.5385
   -2.13853e-05     0.002156232       0.9057322       -27.47721
   1.489904e-05    -0.004552913       0.4222801        117.5978
       117.9538        134.8043
   2.146718e-21   -7.814377e-19               1        557.6923
   2.157904e-06   -8.603519e-05     -0.01744788       -30.61423
  -1.222649e-06   -0.0005280512     -0.01269138        136.5007
       557.6923        711.5385
