              0               0               0        3269.231
  -1.360801e-06    0.0001763063       0.9926493        13.57819
  -3.337352e-06    -0.001303754       0.1193082        82.67312
       166.3202        194.0403
   6.811555e-27   -9.431384e-24               1        3269.231
  -2.347243e-09    2.794942e-06    -0.006013556        41.20096
   2.648934e-09   -2.407098e-06     -0.01041056        84.90745
       3269.231        3846.154
              0               0               0        3846.154
  -1.662136e-06    0.0002370825       0.9890409        13.67761
  -2.790693e-06    -0.001462595       0.1460687        75.93637
       148.1076        172.7922
   6.811555e-27   -9.431384e-24               1        3269.231
  -2.568886e-09    2.926153e-06    -0.000660819        13.57819
   3.539537e-09   -2.433634e-06     -0.01145111        82.67312
       3269.231        3846.154
