              0               0               0       -557.6923
  -2.792086e-06    -0.004069428      -0.2212421        121.2932
   1.130892e-05     0.001034458      -0.9766045       -9.873033
       409.4126        426.9055
   8.804966e-23   -1.624172e-20               1       -557.6923
   1.102533e-06   -0.0005917957      0.04684115        116.1629
    1.15363e-06   -0.0005719493      0.02707483       -26.57958
      -557.6923       -307.6923
              0               0               0       -307.6923
   1.174828e-05    -0.004359256      -0.4411911        116.9779
   1.100268e-05     0.002116982      -0.8973211       -22.71533
       397.4938        414.7739
   8.804966e-23   -1.624172e-20               1       -557.6923
   5.973701e-07   -0.0003260087      0.02690527        121.2932
   1.453971e-06   -0.0007322869      0.04082934       -9.873033
      -557.6923       -307.6923
