              0               0               0       -4423.077
  -3.043443e-06    4.303014e-05       0.9997901       -17.57195
   4.467967e-06    -0.002293319      0.01881976        73.11855
       257.7932         279.276
   2.831483e-29     1.28761e-41               1       -4423.077
   4.567672e-10   -6.613458e-07    -0.005138708        3.895987
   1.227381e-09   -5.618076e-07     0.009941433        72.50877
      -4423.077       -3846.154
              0               0               0       -3846.154
  -2.279581e-06    4.529576e-05       0.9996497       -23.67498
   1.590564e-06    -0.001916593      0.02363139        78.84022
       293.8657        318.3545
   2.831483e-29     1.28761e-41               1       -4423.077
    3.63512e-10    -6.32716e-07     -0.01033454       -17.57195
   2.122707e-10   -4.298448e-07      0.01009489        73.11855
      -4423.077       -3846.154
