              0               0               0        1019.231
   1.705874e-07    0.0001064503      -0.9925332         40.8476
  -1.113211e-06     0.000836591       0.1218742        -25.4919
      -212.1296       -185.6134
  -3.664376e-23    1.457923e-20               1        1019.231
   1.087186e-07   -6.220627e-05      0.03911275        14.60742
   7.545659e-07   -7.487007e-05      -0.1207713        -21.6928
       1019.231        1173.077
              0               0               0        1173.077
   3.646288e-07      0.00016413      -0.9625914        51.72078
   6.025568e-07    0.0005663737       0.2711458       -49.07957
      -269.0402       -235.4102
  -3.664376e-23    1.457923e-20               1        1019.231
  -3.619064e-08   -7.900781e-05      0.08368733         40.8476
   1.172093e-06   -0.0001460311      -0.1585953        -25.4919
       1019.231        1173.077
