              0               0               0        2692.308
  -1.551766e-06    1.052595e-05        1.000032         45.6649
   -2.15297e-06    -0.001390925     0.006277514        90.27786
       215.1753        245.9146
  -2.588391e-26    3.536769e-23               1        2692.308
  -3.967648e-10    3.345503e-06     -0.01472577        76.37009
   6.378869e-10   -3.009306e-06    -0.006010912          89.094
       2692.308        3269.231
              0               0               0        3269.231
  -1.781877e-06    6.314199e-05       0.9992868        41.20096
   -1.67693e-06    -0.001581289      0.03933471        84.90745
       194.0403        221.7603
  -2.588391e-26    3.536769e-23               1        2692.308
  -3.349378e-10    3.374642e-06    -0.009572932         45.6649
   -8.61832e-10   -9.154656e-07    -0.008493693        90.27786
       2692.308        3269.231
