              0               0               0           -5000
   7.997631e-07   -0.0001010559       0.9774641       -120.6549
  -3.953212e-06    0.0004636707       0.2110931        47.31828
       110.7886        129.2534
   2.831483e-29   -4.900644e-26               1           -5000
   1.885272e-10   -7.219923e-07     -0.03475474       -102.6357
   -1.77716e-09    2.397049e-06     0.002678574        51.34926
          -5000       -4423.077
              0               0               0       -4423.077
   5.514123e-07   -8.910939e-05        0.974526       -143.7905
  -2.538422e-06    0.0003826291       0.2242862        48.38146
       128.8966        150.3794
   2.831483e-29   -4.900644e-26               1           -5000
   3.103866e-11   -3.517754e-07     -0.03990899       -120.6549
  -1.443533e-09    1.524584e-06     0.001443756        47.31828
          -5000       -4423.077
