              0               0               0        557.6923
   7.303891e-06    -0.003606178      -0.6826407        87.58614
   1.748281e-05     0.003398028      -0.7308311       -64.14513
      -276.1139       -256.3914
   2.146718e-21   -7.814377e-19               1        557.6923
    4.49042e-06   -0.0004485368     -0.03979628        72.77614
   3.648421e-06    0.0001936298      -0.0147334       -77.10303
       557.6923        711.5385
              0               0               0        711.5385
  -3.788653e-07    -0.001964474      -0.8373511        87.07398
   2.584331e-05     0.002906978      -0.5455535       -53.25026
      -236.1567       -219.2883
   2.146718e-21   -7.814377e-19               1        557.6923
   4.856946e-06   -0.0004837983     -0.04385582        87.58614
    4.32711e-06   -3.356564e-05     -0.02643621       -64.14513
       557.6923        711.5385
