              0               0               0       -865.3846
   1.191596e-06   -6.804121e-05       0.9668813        -95.5936
  -4.501142e-06    0.0002554216         0.25522        50.34592
       149.6449        171.0227
   1.194898e-23   -1.163587e-21               1       -865.3846
  -6.600506e-06    0.0007083834       0.3999406       -74.94322
  -7.937466e-06     0.002180307        0.210977        55.87472
      -865.3846       -711.5385
              0               0               0       -711.5385
  -2.678908e-06    0.0009858213       0.9392434       -36.63081
  -1.716129e-05     -0.00258625       0.3436404        106.0969
       116.9069        133.6078
   1.194898e-23   -1.163587e-21               1       -865.3846
  -6.774671e-06    0.0007034782       0.4353779        -95.5936
  -8.307135e-06     0.002106808       0.2348754        50.34592
      -865.3846       -711.5385
