              0               0               0       -4423.077
  -3.258543e-06    0.0001605042      -0.9769298       -229.4246
  -1.542133e-05    0.0007444142       0.2132332         23.1072
       815.5855        837.0261
   2.831483e-29     1.28761e-41               1       -4423.077
   1.711013e-09   -6.985732e-07      -0.0666327       -250.3289
   1.005926e-08    -5.85914e-06     -0.01201768        27.86925
      -4423.077       -3846.154
              0               0               0       -3846.154
  -3.356897e-06    0.0003569522      -0.9667095       -265.1023
  -1.354046e-05     0.001342353       0.2548232        14.05118
        931.776        956.3316
   2.831483e-29     1.28761e-41               1       -4423.077
   3.255045e-09   -1.176364e-06     -0.06224593       -229.4246
   1.780841e-08   -8.397178e-06     -0.01677992         23.1072
      -4423.077       -3846.154
