              0               0               0        2692.308
  -0.0004981515      0.03902816       0.0711165       -158.6187
   2.559061e-06     -0.00429196       0.6818269        36.32182
              0        30.73933
  -2.588391e-26    3.536769e-23               1        2692.308
    4.71109e-10    1.022774e-06      0.02422591       -134.0239
  -3.297615e-09    8.393757e-06     -0.01619072        53.29955
       2692.308        3269.231
              0               0               0        3269.231
  -0.0006137833      0.04345215      0.05076159       -141.3386
  -2.009189e-05    -0.003160697       0.6831691        30.03848
              0        27.72004
  -2.588391e-26    3.536769e-23               1        2692.308
  -3.423281e-11    3.736238e-07      0.02974796       -158.6187
   -2.29153e-09    9.151822e-06     -0.01540831        36.32182
       2692.308        3269.231
