              0               0               0       -3269.231
   -2.62177e-06   -0.0001559953       0.9835857        52.26537
   3.157368e-06    -0.001060987      -0.1844727        78.09685
       412.6639        440.1748
   5.379818e-28   -1.960258e-25               1       -3269.231
  -2.907592e-09   -1.145772e-06      0.01029245        79.15207
   5.752793e-09   -2.427351e-06      0.01149116        72.28457
      -3269.231       -2692.308
              0               0               0       -2692.308
  -2.219744e-06   -0.0001072813       0.9889592         54.1191
   2.142443e-06   -0.0009421533       -0.152956        84.69808
       457.9726        488.5041
   5.379818e-28   -1.960258e-25               1       -3269.231
  -3.995453e-09   -8.795472e-07     0.005050417        52.26537
   4.007035e-09   -2.621916e-06      0.01162108        78.09685
      -3269.231       -2692.308
