              0               0               0        4423.077
  -5.577462e-05     0.003313984       0.8909545       -69.85816
  -2.762778e-05    0.0001420416       0.3597828        47.24988
       43.36358        65.04537
  -1.362311e-27    6.195073e-40               1        4423.077
   1.625885e-09    7.033246e-07      0.01509031       -49.55125
  -3.472904e-09   -6.755178e-07    -0.006449082        54.83579
       4423.077            5000
              0               0               0            5000
  -7.012697e-05     0.003688798         0.88689        -57.6838
   -4.68006e-05    0.0004521751       0.3716919        43.43194
       37.33398        56.00097
  -1.362311e-27    6.195073e-40               1        4423.077
   1.502586e-09    6.259531e-07      0.02024096       -69.85816
  -2.936392e-09   -3.995471e-07    -0.005409914        47.24988
       4423.077            5000
