              0               0               0       -711.5385
   1.765549e-05    -0.002227586      -0.8498779        88.03878
  -1.226377e-05     0.003574147      -0.5259298       -39.39894
       417.7583        434.5061
  -4.461828e-23    4.351327e-21               1       -711.5385
  -2.676795e-06    0.0002403719       0.1895609        73.26337
   -3.14838e-06     0.001310245      -0.1872313       -47.26218
      -711.5385       -557.6923
              0               0               0       -557.6923
   5.293616e-06    -0.004007389      -0.5100272        108.4885
   1.477389e-05     0.002364901      -0.8601855       -42.27519
       444.3984        461.8912
  -4.461828e-23    4.351327e-21               1       -711.5385
  -2.322883e-06     0.000255383       0.1486133        88.03878
  -3.683335e-06     0.001325926      -0.1355048       -39.39894
      -711.5385       -557.6923
