              0               0               0       -3269.231
   1.880702e-06    3.172392e-05      -0.9995721       -54.84298
   2.439922e-06     0.001381409      0.02995884       -27.29294
       797.4835        824.9574
   5.379818e-28   -1.960258e-25               1       -3269.231
  -2.645331e-10     1.21052e-06     -0.01655633       -82.24216
   6.494836e-09   -1.963411e-05    -0.007126196       -25.37655
      -3269.231       -2692.308
              0               0               0       -2692.308
   1.452856e-06   -1.445023e-05       -1.000026       -60.98448
   2.757752e-06     0.001196064    -0.004141673       -35.83904
       884.9881        915.4723
   5.379818e-28   -1.960258e-25               1       -3269.231
  -3.064593e-11    1.655072e-06     -0.01158992       -54.84298
      4.492e-09   -1.445051e-05    -0.007971511       -27.29294
      -3269.231       -2692.308
