              0               0               0       -711.5385
   1.059631e-05   -0.0003040749      -0.9971047        24.85409
  -1.225473e-06     0.003852181     -0.07109812       -59.64717
       484.7493        501.4971
  -4.461828e-23    4.351327e-21               1       -711.5385
  -2.230945e-06   -0.0001427795       0.2759473        8.119315
  -3.785523e-07    0.0009505004      -0.3403958       -59.76317
      -711.5385       -557.6923
              0               0               0       -557.6923
   1.613799e-05    -0.001734061      -0.9382585        55.92683
   3.222708e-06     0.004721254      -0.3468519       -86.40767
       514.3699        531.8628
  -4.461828e-23    4.351327e-21               1       -711.5385
  -2.605247e-06    2.833688e-06       0.2631995        24.85409
  -1.045264e-06     0.001054476      -0.3114304       -59.64717
      -711.5385       -557.6923
