              0               0               0       -307.6923
  -1.629977e-05     0.001484455       0.9518976       -14.87447
   1.068016e-05    -0.004694771       0.3063938        132.6622
       138.2614         155.544
  -2.352002e-22    4.979552e-20               1       -307.6923
   5.046324e-07   -0.0003663447      0.06676976        1.936115
  -3.150594e-07    0.0001863427     -0.03490324        136.6104
      -307.6923               0
              0               0               0               0
  -1.394445e-05     0.001414544       0.9515146       -14.06222
   4.561608e-07    -0.004446176       0.3085163        130.3659
        136.353        153.3971
  -2.352002e-22    4.979552e-20               1       -307.6923
   4.822134e-07   -0.0003560651      0.06654496       -14.87447
   -1.79748e-07    8.834644e-05     -0.01762892        132.6622
      -307.6923               0
