              0               0               0        865.3846
  -1.290071e-06    0.0003835808       0.9793973       -18.57248
  -1.011359e-05    -0.001802239       0.2006794        72.49158
       117.5718        137.1671
   1.528862e-22   -5.598364e-20               1        865.3846
   1.448157e-06   -0.0003726161       0.1919659        0.756688
  -5.371115e-06      0.00197724      -0.1258472        75.65584
       865.3846        1019.231
              0               0               0        1019.231
  -1.847881e-06     5.64241e-05       0.9994831       0.1930302
  -3.806022e-06    -0.001352431      0.02630567        83.86196
       159.3559        185.9153
   1.528862e-22   -5.598364e-20               1        865.3846
   1.602855e-06   -0.0004356443       0.1510606       -18.57248
   -4.85201e-06      0.00184997     -0.09586284        72.49158
       865.3846        1019.231
