              0               0               0       -1019.231
    6.39994e-07    -0.000158744       0.9318987       -207.8223
  -1.757318e-06    0.0004019919       0.3627425        12.89613
       141.5934        169.9121
   -3.17765e-24    3.030207e-22               1       -1019.231
   2.578286e-06   -0.0004836384       0.4374728       -181.5449
   8.024499e-06    -0.001740192       0.2180653        23.45099
      -1019.231       -865.3846
              0               0               0       -865.3846
    3.15314e-07   -0.0001246766       0.9754672       -137.0996
  -2.024116e-06    0.0005477998       0.2201776        40.09386
       106.8892         128.267
   -3.17765e-24    3.030207e-22               1       -1019.231
   2.588624e-06   -0.0004716371       0.4709881       -207.8223
   7.678448e-06    -0.001805174        0.272766        12.89613
      -1019.231       -865.3846
