              0               0               0        2115.385
   8.646705e-07   -9.261809e-05       0.9332824        183.3235
   2.199114e-06   -0.0002358732      -0.3591919        63.02179
       371.3939         405.157
   9.672408e-26   -1.320394e-22               1        2115.385
   1.787915e-09   -1.279338e-06     -0.03316304        214.7617
   7.931657e-09   -2.358319e-05       0.0272598        50.71012
       2115.385        2692.308
              0               0               0        2692.308
   8.316341e-07   -8.047708e-05       0.9545035        166.2578
   2.475613e-06   -0.0002425976      -0.2984221        69.44117
       338.1326        368.8719
   9.672408e-26   -1.320394e-22               1        2115.385
   9.293848e-10    6.534899e-07     -0.03026696        183.3235
   6.533465e-09   -1.976745e-05      0.02035663        63.02179
       2115.385        2692.308
