              0               0               0        2692.308
   1.805156e-07    0.0001020443       0.9631048        283.6863
   1.187066e-06    0.0003629073       -0.269129        33.01173
       461.0899        491.8292
  -2.588391e-26    3.536769e-23               1        2692.308
  -1.041338e-10    2.664285e-07     -0.05024786        313.3931
   4.184558e-09   -1.528503e-05      0.02324961        25.11628
       2692.308        3269.231
              0               0               0        3269.231
   1.486326e-08    0.0001061503       0.9716128        257.4576
    7.20579e-07    0.0004337704      -0.2365272        40.45346
       415.8006        443.5206
  -2.588391e-26    3.536769e-23               1        2692.308
  -5.263433e-11    5.685156e-07     -0.04577344        283.6863
   4.124968e-09   -1.395275e-05      0.01957571        33.01173
       2692.308        3269.231
