              0               0               0        557.6923
   1.266483e-05     0.001077276      -0.9788897       -2.429998
  -1.359642e-05     0.005138845       0.2017516       -92.18426
      -177.5018       -157.7793
   2.146718e-21   -7.814377e-19               1        557.6923
   9.929543e-07    0.0002732734       0.0082412       -21.21988
   2.284394e-06    0.0003864076    -0.001722372       -86.31066
       557.6923        711.5385
              0               0               0        711.5385
   1.027418e-05    0.0005216588      -0.9925576        6.676727
  -6.686072e-06     0.004287853       0.1207741        -72.3369
       -151.815       -134.9467
   2.146718e-21   -7.814377e-19               1        557.6923
   1.701285e-06    0.0001302506    -0.001111943       -2.429998
   2.181649e-06    0.0004824502     0.003148058       -92.18426
       557.6923        711.5385
