              0               0               0        3269.231
   3.875538e-07    4.817587e-05       0.9628772        203.8632
   1.553794e-06    0.0001711951      -0.2699515        54.62758
       360.3605        388.0805
   6.811555e-27   -9.431384e-24               1        3269.231
  -9.631011e-10    8.874906e-07      -0.0403294        230.5994
   1.581346e-09   -5.569783e-06     0.005346461        47.30916
       3269.231        3846.154
              0               0               0        3846.154
   5.641599e-07    4.588646e-05       0.9664583        183.5499
   2.328728e-06    0.0001720513      -0.2568406        55.04361
       320.8997        345.5843
   6.811555e-27   -9.431384e-24               1        3269.231
  -1.366111e-09    1.356296e-06     -0.03553753        203.8632
   4.983875e-10   -4.209844e-06     0.002983982        54.62758
       3269.231        3846.154
