              0               0               0        2692.308
   5.130033e-07   -3.785465e-06       0.9519134        195.5467
   1.631129e-06   -1.430157e-05       -0.306319        60.11055
       368.8719        399.6112
  -2.588391e-26    3.536769e-23               1        2692.308
  -1.131793e-11    1.375885e-06     -0.03711379        224.8192
    4.04362e-09   -1.120842e-05      0.01187913        50.72838
       2692.308        3269.231
              0               0               0        3269.231
   6.531093e-07   -6.136779e-06       0.9617119        177.1953
   2.347557e-06   -2.402799e-05       -0.274031        62.19219
       332.6405        360.3605
  -2.588391e-26    3.536769e-23               1        2692.308
  -7.130619e-12    1.815131e-06     -0.03285393        195.5467
   3.982649e-09   -9.855323e-06     0.007968346        60.11055
       2692.308        3269.231
