              0               0               0       -2115.385
   -4.36877e-07     4.09135e-05      -0.9974759       -131.3704
  -4.486896e-06    0.0004314174      0.07294689       -46.72566
       1039.599        1073.099
   7.503431e-27   -2.744361e-24               1       -2115.385
  -4.413631e-08    2.907513e-05     -0.01136501       -164.7567
  -1.210801e-07    1.918752e-05     -0.02437962       -43.96643
      -2115.385       -1538.462
              0               0               0       -1538.462
   1.292524e-07   -1.401233e-05       -0.998734       -133.6002
  -3.997279e-06    0.0004122447     -0.05260796       -73.32832
       1133.924        1170.469
   7.503431e-27   -2.744361e-24               1       -2115.385
  -3.252275e-08    2.465415e-05    -0.007263667       -131.3704
  -1.029063e-07    1.730008e-05     -0.02184073       -46.72566
      -2115.385       -1538.462
