              0               0               0       -711.5385
  -6.925084e-06    -0.001464759       0.9320013        61.38466
   7.227634e-06    -0.003671483      -0.3624211        106.9679
       217.1127        233.8137
  -4.461828e-23    4.351327e-21               1       -711.5385
   3.495123e-06    -0.001136985      0.07916715        76.50918
  -2.274176e-06   -8.057586e-05        0.275163        99.92475
      -711.5385       -557.6923
              0               0               0       -557.6923
  -1.118625e-05    -0.001853275       0.9311014        58.54153
   1.082077e-05     -0.00461306      -0.3659615        140.0084
       232.0071        249.8538
  -4.461828e-23    4.351327e-21               1       -711.5385
   4.269372e-06    -0.001395043      0.09509138        61.38466
  -1.817302e-06   -0.0002552527       0.2970455        106.9679
      -711.5385       -557.6923
