              0               0               0        865.3846
  -6.378262e-07     0.000421076       0.9636299       -37.61198
  -1.603579e-06    -0.001707971       0.2694631        67.87925
       97.97652        117.5718
   1.528862e-22   -5.598364e-20               1        865.3846
   1.602855e-06   -0.0004356443       0.1510606       -18.57248
   -4.85201e-06      0.00184997     -0.09586284        72.49158
       865.3846        1019.231
              0               0               0        1019.231
   5.190107e-08    5.228873e-05       0.9965958       -26.31374
   -3.54363e-06    -0.001070082      0.09064599        82.27568
       132.7966        159.3559
   1.528862e-22   -5.598364e-20               1        865.3846
   1.658182e-06   -0.0004665331        0.105966       -37.61198
  -4.248356e-06     0.001689054      -0.0657249        67.87925
       865.3846        1019.231
