              0               0               0       -2692.308
  -2.728591e-08   -4.314345e-06      -0.9889341        -151.901
  -3.202698e-07   -1.913242e-05       0.1481847        -27.0182
       976.4407        1006.925
  -2.010353e-27    7.350966e-25               1       -2692.308
   2.091828e-08    -2.62265e-06     -0.03332324       -182.0527
   2.103908e-08    -1.51404e-05     -0.03044954       -22.52776
      -2692.308       -2115.385
              0               0               0       -2115.385
  -1.019685e-08   -2.993183e-06      -0.9962056       -164.7567
  -3.144385e-07   -1.952118e-05      0.08674559       -43.96643
       1073.099        1106.599
  -2.010353e-27    7.350966e-25               1       -2692.308
   1.759377e-08   -1.375631e-06      -0.0273455        -151.901
   1.824423e-08   -1.238903e-05     -0.02830182        -27.0182
      -2692.308       -2115.385
