              0               0               0        3269.231
   2.385813e-06   -0.0002743351       0.9736962        123.6831
   1.022536e-05    -0.001111917      -0.2280408        76.66693
       277.2004        304.9204
   6.811555e-27   -9.431384e-24               1        3269.231
  -2.071577e-09    2.213525e-06     -0.02600286         150.514
  -1.249305e-09   -1.840218e-06     -0.00187032        69.70903
       3269.231        3846.154
              0               0               0        3846.154
   2.549836e-06   -0.0003052912       0.9789448        111.8341
   1.325046e-05    -0.001407295      -0.2039299        73.46974
        246.846        271.5306
   6.811555e-27   -9.431384e-24               1        3269.231
  -2.187434e-09    2.453479e-06      -0.0212256        123.6831
  -1.217632e-09   -1.322915e-06    -0.004373298        76.66693
       3269.231        3846.154
