              0               0               0        1538.462
   4.870076e-07    5.944184e-05       0.8758822        265.9401
   9.380146e-07    0.0001073429      -0.4825257        6.814309
       478.1549         514.936
  -3.610124e-25    4.927898e-22               1        1538.462
   9.144803e-10   -6.828128e-06     -0.03199544        298.2607
   1.459362e-08   -5.675032e-05       0.0920187       -10.74165
       1538.462        2115.385
              0               0               0        2115.385
   3.206789e-07    5.333695e-05       0.9316161        246.1773
   8.962183e-07    0.0001362682      -0.3634412        38.34065
       438.9201        472.6832
  -3.610124e-25    4.927898e-22               1        1538.462
   -2.43941e-10   -2.813335e-06     -0.03255117        265.9401
   1.384503e-08   -5.142891e-05      0.07970801        6.814309
       1538.462        2115.385
