              0               0               0        865.3846
  -2.110807e-06    -9.91894e-05      -0.9743184        99.67696
   9.851349e-06    0.0004374106      -0.2249513       -10.42622
      -235.1076       -215.5153
   1.528862e-22   -5.598364e-20               1        865.3846
   4.338184e-07   -0.0003124636       0.2957486        80.53388
   4.631927e-06    -0.002528617        0.195988       -14.59154
       865.3846        1019.231
              0               0               0        1019.231
  -6.616636e-07    2.495171e-06      -0.9961931        146.6436
   6.464893e-06   -6.526853e-06     -0.08677865       -25.23699
      -318.1944       -291.6782
   1.528862e-22   -5.598364e-20               1        865.3846
   2.125176e-07   -0.0002130279       0.3330265        99.67696
    4.60322e-06    -0.002601454       0.1950017       -10.42622
       865.3846        1019.231
