              0               0               0       -4423.077
   5.751099e-07   -3.502057e-05      -0.9992705        2.807191
   1.076474e-06    0.0009899166     -0.03957233       -13.61534
       579.7393        601.1798
   2.831483e-29     1.28761e-41               1       -4423.077
  -2.585884e-10    5.992576e-07    -0.008122946       -18.62816
   1.155109e-08   -4.460735e-06     -0.01725546       -13.99812
      -4423.077       -3846.154
              0               0               0       -3846.154
   2.710542e-07   -5.497911e-05       -0.996991        1.346122
   2.311849e-07    0.0007621148     -0.07813917       -21.76403
        661.665        686.2206
   2.831483e-29     1.28761e-41               1       -4423.077
  -5.323367e-10    7.146564e-07    -0.002767638        2.807191
   8.767351e-09   -3.293803e-06     -0.01514226       -13.61534
      -4423.077       -3846.154
