              0               0               0        4423.077
  -3.368133e-07    9.117949e-05       0.9949413        269.4402
   1.315176e-05     0.001045132     -0.09953653        33.44509
       390.2722         411.954
  -1.362311e-27    6.195073e-40               1        4423.077
   2.177585e-12   -3.239989e-08     -0.06558843        291.0518
  -2.056873e-10   -2.164917e-06     0.005733735        31.91233
       4423.077            5000
              0               0               0            5000
  -8.979664e-07    9.746617e-05        0.996214        234.5775
   2.112252e-05     0.001129121     -0.08742047        35.56122
       336.0058        354.6728
  -1.362311e-27    6.195073e-40               1        4423.077
   8.922896e-11    1.033525e-08     -0.06046442        269.4402
   -8.43671e-11   -1.873267e-06     0.004776764        33.44509
       4423.077            5000
