              0               0               0        3269.231
  -2.235627e-06   -8.503913e-05       0.9986798        68.91179
  -4.172294e-07    -0.001720742      -0.0521977        84.74703
       221.7603        249.4803
   6.811555e-27   -9.431384e-24               1        3269.231
   -2.15927e-09    2.548857e-06     -0.01633186        96.48227
  -2.420561e-10   -1.535965e-06    -0.006747323          81.969
       3269.231        3846.154
              0               0               0        3846.154
  -3.006259e-06   -3.088408e-05       0.9997586        62.87917
  -1.153116e-06     -0.00194991     -0.02057737        79.23203
       197.4768        222.1614
   6.811555e-27   -9.431384e-24               1        3269.231
  -2.189359e-09    2.658794e-06     -0.01126175        68.91179
   1.160033e-09   -1.905271e-06    -0.008846245        84.74703
       3269.231        3846.154
