              0               0               0       -557.6923
   -5.98151e-06     0.003305691        0.750259       -41.87306
  -3.114996e-05    -0.003593756       0.6617741        123.5671
       124.9269        142.7736
   8.804966e-23   -1.624172e-20               1       -557.6923
  -1.683215e-06    0.0009063462     -0.07102533       -27.46454
   5.462554e-07   -0.0003213451      0.04062075        134.0559
      -557.6923       -307.6923
              0               0               0       -307.6923
  -1.251062e-05     0.002133105       0.8893765       -30.81782
  -1.186199e-05     -0.00407975        0.458041        126.0259
       120.9787        138.2614
   8.804966e-23   -1.624172e-20               1       -557.6923
  -1.563423e-06    0.0008517059     -0.07099163       -41.87306
   3.904942e-08   -4.987637e-05      0.01986369        123.5671
      -557.6923       -307.6923
