              0               0               0       -3846.154
   1.699284e-06    1.735314e-06       -1.000018       -47.71432
   6.798199e-06     0.001165222     0.007452312       -23.66183
       710.7761        735.3317
  -1.415742e-28    4.900644e-26               1       -3846.154
  -2.261322e-10    1.601903e-06     -0.01817888        -72.2441
  -2.668807e-08    2.655678e-05     -0.01112004       -22.67558
      -3846.154       -3269.231
              0               0               0       -3269.231
   1.880702e-06    3.172392e-05      -0.9995721       -54.84298
   2.439922e-06     0.001381409      0.02995884       -27.29294
       797.4835        824.9574
  -1.415742e-28    4.900644e-26               1       -3846.154
   5.661326e-10    6.752274e-07     -0.01293432       -47.71432
  -2.000736e-08    2.017761e-05     -0.01127561       -23.66183
      -3846.154       -3269.231
