              0               0               0       -3269.231
  -0.0006292909     0.007878876        1.046946        157.2157
   2.169205e-05    -0.004893636      -0.4658228        45.83794
       522.7076        550.2186
   5.379818e-28   -1.960258e-25               1       -3269.231
    1.96548e-09   -1.008065e-06       0.0299203        178.8784
    8.80142e-09    2.461165e-06      0.00597017        29.77064
      -3269.231       -2692.308
              0               0               0       -2692.308
  -0.0005075051     0.007068087          1.0592        171.6983
  -6.391576e-07     -0.00412739       -0.429059        52.68967
       580.0986        610.6301
   5.379818e-28   -1.960258e-25               1       -3269.231
   4.150574e-10   -1.089031e-06      0.02559327        157.2157
   9.185558e-09    2.433174e-07     0.008678624        45.83794
      -3269.231       -2692.308
