              0               0               0       -1019.231
   0.0001213186    -0.002417254       0.9388002        145.9525
  -3.819622e-05   -0.0003120548      -0.2126264        75.56751
       509.7364        538.0551
   -3.17765e-24    3.030207e-22               1       -1019.231
   5.332485e-08   -9.407648e-05      -0.1139031        173.3547
   9.368752e-07    0.0002381205      -0.2419222        68.42852
      -1019.231       -865.3846
              0               0               0       -865.3846
   0.0002117254    -0.003325606       0.8971086        134.0717
  -0.0001082846    0.0003302405       -0.342593        48.48808
       384.8011         406.179
   -3.17765e-24    3.030207e-22               1       -1019.231
   8.030194e-07   -0.0002154101     -0.06309125        145.9525
   1.880077e-06    5.461819e-05       -0.228918        75.56751
      -1019.231       -865.3846
