              0               0               0       -2115.385
   1.069285e-06   -8.164836e-05       -0.997841       -64.43473
   2.373558e-06     0.001082779     -0.06630918       -47.43536
       972.5977        1006.098
   7.503431e-27   -2.744361e-24               1       -2115.385
  -2.166779e-08    2.035945e-05    -0.003243645       -97.91425
  -8.477512e-08    1.555287e-05     -0.01916504       -48.35233
      -2115.385       -1538.462
              0               0               0       -1538.462
   6.845551e-07   -0.0002006535      -0.9817088       -61.05876
   1.759956e-06    0.0009918739      -0.1905204       -64.95927
       1060.834        1097.379
   7.503431e-27   -2.744361e-24               1       -2115.385
  -1.215929e-08    1.619397e-05    0.0005561044       -64.43473
  -6.647782e-08    1.366128e-05     -0.01612979       -47.43536
      -2115.385       -1538.462
