              0               0               0           -5000
  -1.491735e-07   -7.597527e-06      -0.9744281       -86.52078
  -7.353956e-07   -2.927921e-05       0.2246587        2.647574
       590.5551        608.9934
   2.831483e-29   -4.900644e-26               1           -5000
   3.477563e-09    -6.96796e-06     -0.03168837       -104.4911
    2.87429e-08   -6.106205e-05      0.01651384        6.775338
          -5000       -4423.077
              0               0               0       -4423.077
  -1.588709e-07   -5.208872e-06      -0.9773442       -103.4655
   -1.01962e-06   -9.862337e-06       0.2114802       -3.021722
       686.9421        708.3827
   2.831483e-29   -4.900644e-26               1           -5000
   2.824417e-09   -5.548195e-06      -0.0271101       -86.52078
   2.746124e-08   -5.822406e-05      0.01462382        2.647574
          -5000       -4423.077
