              0               0               0       -1173.077
  -2.653484e-08    9.460639e-06      -0.9927734       -226.3162
   2.398242e-07   -7.868602e-05      -0.1199278       -94.20037
       1218.702        1254.509
    7.61619e-25   -4.849574e-23               1       -1173.077
  -2.680205e-06     0.001035151       0.2891911       -261.8529
  -5.022253e-06     0.001614175       0.3069197       -98.58442
      -1173.077       -1019.231
              0               0               0       -1019.231
  -1.179651e-08   -2.698623e-06      -0.9990542       -174.3765
  -3.430794e-07   -6.301877e-05      0.04335945       -32.61595
       962.1358        990.4046
    7.61619e-25   -4.849574e-23               1       -1173.077
  -2.264555e-06      0.00089282       0.2538501       -226.3162
  -4.320642e-06     0.001453631       0.2789269       -94.20037
      -1173.077       -1019.231
