              0               0               0       -1173.077
  -4.251997e-05     0.002465236      -0.7891041        203.6395
  -6.593432e-05     0.007012836       -0.820493        60.84384
       753.2191        789.0255
    7.61619e-25   -4.849574e-23               1       -1173.077
   9.539301e-07   -0.0003996169     -0.09343706        176.5932
   1.924072e-06   -0.0005352793     -0.08466941         37.4292
      -1173.077       -1019.231
              0               0               0       -1019.231
   -8.45855e-05     0.004556332      -0.9122605        180.2916
  -9.724587e-05     0.008461835      -0.6847066        33.53053
       594.6425        622.9112
    7.61619e-25   -4.849574e-23               1       -1173.077
   1.084938e-06   -0.0004406136      -0.1096534        203.6395
   2.350441e-06   -0.0007216191      -0.1221499        60.84384
      -1173.077       -1019.231
