              0               0               0        1538.462
  -1.603202e-06   -0.0003433763       0.9607401        100.6861
  -7.999537e-07    -0.001205718       -0.277647        86.49515
       294.2492        331.0303
  -3.610124e-25    4.927898e-22               1        1538.462
  -5.706709e-09    1.395078e-05     -0.03419839         135.479
   8.848409e-09    -2.76639e-05      0.02987892        74.61201
       1538.462        2115.385
              0               0               0        2115.385
  -1.767555e-06   -0.0001981108       0.9889015        86.20217
  -1.201351e-06    -0.001351468      -0.1490347           90.96
       270.1047        303.8677
  -3.610124e-25    4.927898e-22               1        1538.462
  -6.823335e-09    1.716441e-05     -0.03273702        100.6861
   6.908257e-09   -2.037584e-05      0.01719502        86.49515
       1538.462        2115.385
