              0               0               0        2115.385
   3.494178e-11    2.207922e-06      -0.9979699        372.2301
  -2.068154e-07   -1.749287e-05     -0.06400915       -33.29916
      -572.9763       -539.2718
   9.672408e-26   -1.320394e-22               1        2115.385
   6.371861e-09    -1.40963e-05     -0.03811961        338.5965
    2.17164e-08   -4.314266e-05      0.06030088       -35.48434
       2115.385        2692.308
              0               0               0        2692.308
   5.617847e-08    1.722901e-06      -0.9917137        343.5645
  -5.581067e-07   -3.788979e-06      -0.1286358       -6.917941
      -521.6593       -490.9735
   9.672408e-26   -1.320394e-22               1        2115.385
   6.942797e-09   -1.466883e-05     -0.04353507        372.2301
   2.236754e-08   -4.696926e-05      0.06538028       -33.29916
       2115.385        2692.308
