              0               0               0       -1538.462
   3.039206e-07   -2.065073e-05      -0.9992548       -389.1286
  -6.213013e-06    0.0005163251     -0.03703954       -85.32891
       1389.739        1426.284
  -5.358563e-26    1.024235e-23               1       -1538.462
   1.630569e-06   -0.0001645137     -0.09833561       -425.6591
   2.460632e-06   -0.0004148234      -0.2580239       -86.29618
      -1538.462       -1173.077
              0               0               0       -1173.077
   7.731689e-07   -5.974789e-05      -0.9935948        -368.394
   -6.43476e-06    0.0005235972       -0.112354       -112.2763
       1361.928        1397.735
  -5.358563e-26    1.024235e-23               1       -1538.462
   1.474096e-06   -0.0001460261     -0.08669743       -389.1286
   2.277417e-06   -0.0003813276      -0.2384682       -85.32891
      -1538.462       -1173.077
