              0               0               0       -3846.154
   0.0007530939     -0.04906991      0.05058221        161.4127
   0.0001683276    -0.003515005      -0.6819795        27.01562
       489.7762        514.3317
  -1.415742e-28    4.900644e-26               1       -3846.154
   1.368088e-09   -1.709438e-06      0.02722607        144.2174
   -5.31771e-10    2.277587e-06    4.709685e-05         10.6421
      -3846.154       -3269.231
              0               0               0       -3269.231
   0.0006065153     -0.04405826      0.05161742        178.8784
   0.0001320957     -0.00310333      -0.6858267        29.77064
       550.2186        577.6924
  -1.415742e-28    4.900644e-26               1       -3846.154
  -6.845986e-10    1.768167e-07      0.03039987        161.4127
   6.762968e-10    1.290652e-06      0.00380566        27.01562
      -3846.154       -3269.231
