              0               0               0       -557.6923
   1.603134e-05   -0.0008871611      -0.9841112        39.06975
  -1.803211e-06     0.004890378      -0.1787167       -91.01315
       531.8628        549.3556
   8.804966e-23   -1.624172e-20               1       -557.6923
   2.141823e-06    -0.001112053      0.06592918        21.66915
  -1.729108e-06    0.0009469645     -0.08546137       -92.65261
      -557.6923       -307.6923
              0               0               0       -307.6923
   1.293386e-05   -5.398789e-06      -0.9997219        19.32429
   4.879018e-06     0.004299381    -0.001400037       -83.13478
       518.4547        535.7348
   8.804966e-23   -1.624172e-20               1       -557.6923
   2.248398e-06    -0.001172446      0.07360487        39.06975
  -1.401902e-06    0.0007757839     -0.07481364       -91.01315
      -557.6923       -307.6923
