              0               0               0        2692.308
   5.848178e-06   -0.0002425177       0.9751931       -75.71306
   6.049402e-06    -0.001268418       0.2623317        72.67836
       92.21798        122.9573
  -2.588391e-26    3.536769e-23               1        2692.308
   2.718669e-10     2.55979e-06      0.00689277       -45.79557
  -3.565536e-09    4.405896e-06       -0.013618        79.71943
       2692.308        3269.231
              0               0               0        3269.231
   7.147818e-06    -0.000224535       0.9655775       -67.66033
   7.023112e-06    -0.001416932       0.2961308        65.37511
       83.16011        110.8802
  -2.588391e-26    3.536769e-23               1        2692.308
   4.278156e-10    2.123285e-06       0.0125907       -75.71306
   -3.79426e-09    5.856865e-06     -0.01477504        72.67836
       2692.308        3269.231
