              0               0               0       -1538.462
  -4.863233e-09    3.147682e-06      -0.9987678       -279.6433
   1.989091e-07   -6.434129e-05     -0.04965926       -79.62916
       1280.104        1316.649
  -5.358563e-26    1.024235e-23               1       -1538.462
   1.177157e-06   -0.0001120754     -0.06483873       -316.1393
   1.908767e-06   -0.0003145595      -0.1990199       -81.52018
      -1538.462       -1173.077
              0               0               0       -1173.077
   2.904571e-08    6.610287e-06       -0.992198       -261.8529
  -1.696176e-07   -5.292428e-05      -0.1246403       -98.58442
       1254.509        1290.315
  -5.358563e-26    1.024235e-23               1       -1538.462
   1.031616e-06   -9.565824e-05     -0.05408526       -279.6433
   1.730242e-06   -0.0002824363      -0.1796773       -79.62916
      -1538.462       -1173.077
