              0               0               0       -1019.231
  -6.443685e-06    7.899672e-05      -0.9291864        130.6216
  -5.922898e-06     0.001351209      -0.3951609        6.792225
       651.1799        679.4486
   -3.17765e-24    3.030207e-22               1       -1019.231
   1.006378e-06    9.892454e-06     -0.08937346        104.2722
  -3.094813e-06    0.0003328474     0.007773771       -3.432489
      -1019.231       -865.3846
              0               0               0       -865.3846
  -1.484803e-05    0.0004721067      -0.9785702         115.243
  -3.567626e-06     0.001512982      -0.2505787        -0.93277
       491.6071        512.9571
   -3.17765e-24    3.030207e-22               1       -1019.231
   7.798894e-07    1.992578e-05      -0.1214851        130.6216
  -2.259031e-06    0.0003511476     -0.05076698        6.792225
      -1019.231       -865.3846
