              0               0               0       -4423.077
  -6.328469e-07    0.0003033966       0.9810647        -60.2063
  -1.102096e-05    -0.001472982       0.1935354        68.30418
       214.8277        236.3104
   2.831483e-29     1.28761e-41               1       -4423.077
     3.7282e-10   -6.270038e-07     -0.01552204       -38.99657
  -1.001277e-09   -1.545433e-07     0.009823769         71.6728
      -4423.077       -3846.154
              0               0               0       -3846.154
  -9.509152e-07    0.0003120106       0.9790397       -72.23736
  -7.550319e-06    -0.001439355       0.2034784        73.08777
       244.8881        269.3769
   2.831483e-29     1.28761e-41               1       -4423.077
   4.613732e-10   -6.221366e-07     -0.02064848        -60.2063
   -1.95786e-09   -6.688895e-08     0.008981801        68.30418
      -4423.077       -3846.154
