              0               0               0        865.3846
   6.440785e-06    0.0002029234      -0.9847325       -36.29969
    1.12738e-06     0.001451921       0.1775635       -13.86847
      -97.96148       -78.36919
   1.528862e-22   -5.598364e-20               1        865.3846
   1.284314e-06   -0.0006137605      0.01635031       -55.46653
   2.214923e-06   -0.0009035066       0.1268924       -9.823781
       865.3846        1019.231
              0               0               0        1019.231
   4.116406e-06    0.0001541014       -0.969576       -37.27699
    2.19856e-06    0.0007993094       0.2478986        -10.7977
       -132.581       -106.0648
   1.528862e-22   -5.598364e-20               1        865.3846
   1.369394e-06   -0.0006638458      0.06336598       -36.29969
   2.841683e-06    -0.001253265       0.1455112       -13.86847
       865.3846        1019.231
