              0               0               0        865.3846
   3.918407e-06    0.0002992951       0.9885765        230.9388
   3.004887e-05     0.002149239       -0.142955        33.83901
       372.3108        391.9061
   1.528862e-22   -5.598364e-20               1        865.3846
   2.032688e-06   -0.0007968882       0.7739694        250.4547
    1.18832e-07    -0.001375488     -0.05278805        32.08911
       865.3846        1019.231
              0               0               0        1019.231
   9.565745e-07    0.0002509381        0.986398        331.6743
   9.772502e-06     0.001581786      -0.1581599       -5.253603
       504.6271        531.1865
   1.528862e-22   -5.598364e-20               1        865.3846
   8.190484e-07   -0.0003509535       0.6893879        230.9388
  -1.318945e-06   -0.0007030351      -0.1147251        33.83901
       865.3846        1019.231
