              0               0               0       -1019.231
   1.249774e-06    -0.000137672      -0.9946542       -33.20036
   4.123408e-06     0.001226206      -0.1034285       -34.98138
       820.7922         849.061
   -3.17765e-24    3.030207e-22               1       -1019.231
   1.017015e-06   -2.172106e-05       0.1635104       -61.39975
  -5.333565e-06   -5.022255e-05       0.2939823       -36.83213
      -1019.231       -865.3846
              0               0               0       -865.3846
   3.482815e-06    5.018173e-05      -0.9991511       -11.77994
   5.958984e-06     0.001674128      0.04257844       -13.94421
       619.7076        641.0577
   -3.17765e-24    3.030207e-22               1       -1019.231
   1.064513e-06   -7.952886e-06       0.1152607       -33.20036
  -5.267567e-06    4.218988e-05        0.254927       -34.98138
      -1019.231       -865.3846
