              0               0               0       -1538.462
    1.11324e-08    1.795482e-06      -0.9991689       -206.6276
  -2.646601e-07    -3.92978e-05     -0.04087872       -76.34275
       1207.014        1243.559
  -5.358563e-26    1.024235e-23               1       -1538.462
   8.869613e-07   -7.942608e-05      -0.0433515       -243.1392
      1.555e-06   -0.0002508879       -0.160537       -77.90206
      -1538.462       -1173.077
              0               0               0       -1173.077
   3.674572e-08    5.513441e-06      -0.9933096       -190.7581
  -3.115496e-07   -4.521959e-05      -0.1154912       -89.99276
       1182.896        1218.702
  -5.358563e-26    1.024235e-23               1       -1538.462
   7.429328e-07    -6.33189e-05     -0.03261791       -206.6276
   1.384847e-06   -0.0002203155      -0.1417433       -76.34275
      -1538.462       -1173.077
