              0               0               0        4423.077
  -2.659058e-06    0.0002081829      -0.9802931        312.7284
   1.275205e-05    -0.001015203      -0.1957122         32.1665
      -432.9699       -411.3214
  -1.362311e-27    6.195073e-40               1        4423.077
   3.233541e-09    1.063873e-06     -0.06734397        291.5771
  -1.423405e-08   -6.981898e-06      0.01431446        27.58323
       4423.077            5000
              0               0               0            5000
  -4.872535e-06    0.0003329028       -0.978722        271.8592
   2.144862e-05    -0.001478964      -0.2044526        34.97042
       -372.802       -354.1619
  -1.362311e-27    6.195073e-40               1        4423.077
  -7.149913e-11   -5.417647e-08     -0.07078488        312.7284
  -2.640317e-10   -2.255395e-06     0.006249188         32.1665
       4423.077            5000
