              0               0               0       -865.3846
  -2.710638e-06    6.934659e-05       0.9992903        8.814908
   6.661054e-06     -0.00233049      0.03644944         72.0308
       256.5341        277.9119
   1.194898e-23   -1.163587e-21               1       -865.3846
  -4.516574e-06    0.0006895301       0.2036318        30.18279
  -4.554074e-06     0.001846628      0.05221859        71.81002
      -865.3846       -711.5385
              0               0               0       -711.5385
  -1.096609e-05   -0.0009153261        0.971751        45.46185
   3.314313e-06     -0.00383754      -0.2370131        111.9812
       200.4118        217.1127
   1.194898e-23   -1.163587e-21               1       -865.3846
   -5.09816e-06    0.0007157628       0.2487543        8.814908
   -5.22929e-06     0.001960905      0.08177027         72.0308
      -865.3846       -711.5385
