              0               0               0       -1538.462
   7.086348e-07   -0.0002378036       0.9234684       -357.8392
  -1.949156e-06    0.0005623321       0.3836755       -54.15249
       109.7894        146.3859
  -5.358563e-26    1.024235e-23               1       -1538.462
   1.405165e-06   -0.0001514195     -0.08886447       -324.3273
   1.954199e-06   -0.0003363362      -0.2012371       -39.45372
      -1538.462       -1173.077
              0               0               0       -1173.077
   1.024121e-06   -0.0002951835       0.8915565       -340.1152
  -2.235318e-06    0.0005719402       0.4529124       -79.43676
       107.6119        143.4825
  -5.358563e-26    1.024235e-23               1       -1538.462
   1.480586e-06   -0.0001558594     -0.09221052       -357.8392
   2.145041e-06   -0.0003670688      -0.2214534       -54.15249
      -1538.462       -1173.077
