              0               0               0       -865.3846
   -7.80858e-07    -0.000114504       0.9933264       -200.2236
  -3.562448e-07      0.00101144        0.115849        28.92664
       42.75568        64.13352
   1.194898e-23   -1.163587e-21               1       -865.3846
  -6.886315e-06     0.000827814       0.5944741       -179.0484
  -6.634879e-06     0.001024398       0.2555669          31.862
      -865.3846       -711.5385
              0               0               0       -711.5385
   3.112194e-05     0.001455884       0.6394973       -104.3042
  -3.304482e-05    -0.001281806       0.7686255        58.94096
       33.40196        50.10294
   1.194898e-23   -1.163587e-21               1       -865.3846
  -7.031099e-06    0.0009472504       0.6441616       -200.2236
  -5.029072e-06    0.0005059826       0.2362809        28.92664
      -865.3846       -711.5385
