              0               0               0        865.3846
   1.564585e-06   -6.620395e-05      -0.9989813        41.70844
   -6.42065e-06     0.001810278      -0.0443277       -19.51241
      -176.3307       -156.7384
   1.528862e-22   -5.598364e-20               1        865.3846
   1.093051e-06   -0.0005834929       0.1856105        22.12246
   4.170264e-06    -0.002070768       0.1824508       -19.73428
       865.3846        1019.231
              0               0               0        1019.231
   1.157874e-07    9.723961e-05      -0.9979342        67.23849
  -5.950868e-06     0.001309974      0.06495547       -28.02438
      -238.6458       -212.1296
   1.528862e-22   -5.598364e-20               1        865.3846
   8.897982e-07   -0.0005060944       0.2227457        41.70844
   4.412464e-06    -0.002260057       0.1879362       -19.51241
       865.3846        1019.231
