              0               0               0       -2692.308
  -7.148973e-07   -9.515983e-05       0.9865396       -332.5372
   1.565668e-06     0.000605601       0.1636745        13.55442
       61.06301        91.59452
  -2.010353e-27    7.350966e-25               1       -2692.308
   3.891483e-08   -1.217838e-05     -0.05892821       -302.5257
   4.370189e-08   -3.725748e-05     -0.03247334        19.16073
      -2692.308       -2115.385
              0               0               0       -2115.385
  -5.766637e-07   -0.0001241211       0.9744243       -365.6386
   8.330889e-07    0.0005641526       0.2246507       -11.78765
        67.1094        100.6641
  -2.010353e-27    7.350966e-25               1       -2692.308
   4.144049e-08   -1.259125e-05      -0.0639047       -332.5372
   4.677586e-08   -4.033158e-05     -0.03622692        13.55442
      -2692.308       -2115.385
