              0               0               0               0
   1.455804e-05   -1.995851e-05      -0.9998743        19.41337
    9.70589e-06     0.004246111    0.0007396306       -80.91053
       511.3396        528.3853
   8.523301e-22   -1.673124e-19               1               0
   7.423624e-08   -0.0001154925      0.02805459        2.436096
  -4.810535e-07    0.0001483421     0.001805477       -79.61611
              0        307.6923
              0               0               0        307.6923
   1.549865e-05   -4.476024e-05      -0.9998891        19.20263
  -3.443166e-06     0.004745053    -0.001978018       -80.34596
      -169.7075       -152.7368
   8.523301e-22   -1.673124e-19               1               0
   1.762312e-07   -0.0001372055      0.02484757        19.41337
  -4.739269e-07    0.0001321044     0.006056142       -80.91053
              0        307.6923
