              0               0               0        865.3846
  -4.178245e-06    0.0006666979       0.9423146       -56.30148
  -7.654446e-06    -0.001257997       0.3275821        62.00081
       78.38121        97.97652
   1.528862e-22   -5.598364e-20               1        865.3846
   1.658182e-06   -0.0004665331        0.105966       -37.61198
  -4.248356e-06     0.001689054      -0.0657249        67.87925
       865.3846        1019.231
              0               0               0        1019.231
   -3.15799e-06     0.000303911       0.9871354        -52.6866
  -2.379666e-06   -0.0008804753       0.1424515        79.15794
       106.2373        132.7966
   1.528862e-22   -5.598364e-20               1        865.3846
   1.563728e-06   -0.0004446759      0.05489712       -56.30148
   -3.55521e-06     0.001488356     -0.03330956        62.00081
       865.3846        1019.231
