              0               0               0        307.6923
   7.661676e-06    -0.003212595      -0.7110296        95.67041
   1.652339e-05     0.003227545      -0.7042878       -48.76761
      -254.5613       -237.5905
  -1.867855e-21    6.194539e-19               1        307.6923
   -9.21805e-07    0.0002075554       0.0252049         82.7159
   4.841824e-09   -3.719701e-05    -0.008745543       -59.70959
       307.6923        557.6923
              0               0               0        557.6923
   1.799622e-05    -0.004670965      -0.5193954         99.5087
   9.484777e-06      0.00283684      -0.8537978       -48.48239
      -295.8363       -276.1139
  -1.867855e-21    6.194539e-19               1        307.6923
  -8.257717e-07    0.0001792087      0.02216171        95.67041
  -5.012774e-07    8.652998e-05       0.0108382       -48.76761
       307.6923        557.6923
