              0               0               0        1019.231
   1.231201e-06   -2.000935e-05       0.9323378        154.4854
    3.17382e-06   -5.108609e-05      -0.3615685        49.86964
       318.7119        345.2712
  -3.664376e-23    1.457923e-20               1        1019.231
  -1.997572e-06    3.397524e-05       0.4243168        179.2566
   3.891681e-06     -0.00102032      -0.1473685        40.29005
       1019.231        1173.077
              0               0               0        1173.077
    9.56004e-07   -1.262688e-05       0.8671073         208.841
    1.70389e-06   -2.340572e-05      -0.4981128        24.37666
       404.1476        437.8266
  -3.664376e-23    1.457923e-20               1        1019.231
  -1.998038e-06    8.546145e-05       0.3874542        154.4854
   3.449912e-06    -0.000953875      -0.1006091        49.86964
       1019.231        1173.077
