              0               0               0        1019.231
   -0.000102738     0.002850633       -0.874745       -112.3693
   0.0001042567    0.0004620035       0.4031467        15.12892
      -53.03239        -26.5162
  -3.664376e-23    1.457923e-20               1        1019.231
   8.453205e-07   -2.128418e-05      -0.1691162       -135.4753
  -1.726934e-06    0.0002703122       0.1556417        28.08741
       1019.231        1173.077
              0               0               0        1173.077
   -5.11102e-05     0.002225738      -0.8030847       -132.4844
   7.116698e-05    5.725993e-05       0.5341439        31.40702
      -67.26004       -33.63002
  -3.664376e-23    1.457923e-20               1        1019.231
   7.503944e-07   -1.757035e-05       -0.145806       -112.3693
  -1.320876e-06      0.00022564       0.1023572        15.12892
       1019.231        1173.077
