              0               0               0        3269.231
  -4.065631e-08   -0.0002709541       0.9888116        96.48227
   7.738349e-06    -0.001755439      -0.1485576          81.969
       249.4803        277.2004
   6.811555e-27   -9.431384e-24               1        3269.231
  -2.187434e-09    2.453479e-06      -0.0212256        123.6831
  -1.217632e-09   -1.322915e-06    -0.004373298        76.66693
       3269.231        3846.154
              0               0               0        3846.154
  -6.992522e-07    -0.000253509       0.9927385        87.49377
   8.480427e-06    -0.002035303      -0.1189507        77.51861
       222.1614         246.846
   6.811555e-27   -9.431384e-24               1        3269.231
   -2.15927e-09    2.548857e-06     -0.01633186        96.48227
  -2.420561e-10   -1.535965e-06    -0.006747323          81.969
       3269.231        3846.154
