              0               0               0       -307.6923
   -3.69205e-06    -0.004167858      -0.2938415        123.3191
   1.619656e-05     0.001277346      -0.9559755       -6.660941
       380.2137        397.4938
  -2.352002e-22    4.979552e-20               1       -307.6923
  -1.672555e-07    0.0001220189     -0.02409217        116.9779
  -5.774853e-07    0.0003581914     -0.05269454       -22.71533
      -307.6923               0
              0               0               0               0
   1.346574e-05    -0.004673814      -0.3121133        122.8563
   1.139846e-05     0.001506858      -0.9498829       -6.142785
       374.9739        392.0196
  -2.352002e-22    4.979552e-20               1       -307.6923
    3.24011e-08    1.274854e-07    -0.004611023        123.3191
  -6.598422e-07    0.0004013636     -0.05934222       -6.660941
      -307.6923               0
