              0               0               0       -2115.385
    2.44674e-06   -0.0003746514      -0.9522601        99.79892
  -9.794741e-07     0.000753646      -0.2966415       -16.29996
       805.0957        838.5961
   7.503431e-27   -2.744361e-24               1       -2115.385
   1.584653e-08    6.294467e-07      0.01382841        67.56933
   8.366985e-09     4.39201e-06    -0.001287821        -25.4286
      -2115.385       -1538.462
              0               0               0       -1538.462
   2.393203e-06   -0.0004392746      -0.9077119        112.4418
  -1.214455e-06    0.0006738217      -0.4133285       -8.838638
       878.1095        914.6544
   7.503431e-27   -2.744361e-24               1       -2115.385
    2.08979e-08   -3.024596e-06       0.0167037        99.79892
   2.710216e-08    1.821052e-06     0.002861659       -16.29996
      -2115.385       -1538.462
