              0               0               0        2115.385
   8.679962e-07    0.0001260248       0.9731304        406.4328
   7.037517e-06    0.0005607293      -0.2301668       -14.27893
       607.7355        641.4986
   9.672408e-26   -1.320394e-22               1        2115.385
   8.902428e-09   -1.543425e-05     -0.05563804        439.4657
   1.887266e-08   -5.219931e-05      0.07452659       -21.14001
       2115.385        2692.308
              0               0               0        2692.308
   4.161679e-07    0.0001038404       0.9859156        373.5226
   8.195376e-06    0.0006516278       -0.167009        12.38604
       553.3079        584.0472
   9.672408e-26   -1.320394e-22               1        2115.385
   7.628168e-09   -1.325846e-05     -0.05193415        406.4328
   1.722599e-08    -4.78386e-05      0.06808496       -14.27893
       2115.385        2692.308
