              0               0               0       -307.6923
   1.293386e-05   -5.398789e-06      -0.9997219        19.32429
   4.879018e-06     0.004299381    -0.001400037       -83.13478
       518.4547        535.7348
  -2.352002e-22    4.979552e-20               1       -307.6923
  -6.606233e-07    0.0004943136     -0.08850575        2.114087
   5.397262e-07   -0.0003498667      0.06381307       -81.84999
      -307.6923               0
              0               0               0               0
   1.455804e-05   -1.995851e-05      -0.9998743        19.41337
    9.70589e-06     0.004246111    0.0007396306       -80.91053
       511.3396        528.3853
  -2.352002e-22    4.979552e-20               1       -307.6923
  -7.053124e-07    0.0005138521     -0.09104368        19.32429
   4.417258e-07   -0.0002756425      0.05022171       -83.13478
      -307.6923               0
