              0               0               0        307.6923
   1.549865e-05   -4.476024e-05      -0.9998891        19.20263
  -3.443166e-06     0.004745053    -0.001978018       -80.34596
      -169.7075       -152.7368
  -1.867855e-21    6.194539e-19               1        307.6923
   2.362898e-07   -4.696677e-05     -0.02193289        2.296621
   1.037543e-06   -0.0002957073     -0.04353766       -79.02975
       307.6923        557.6923
              0               0               0        557.6923
   1.797192e-05    1.392623e-05       -1.000411        17.15723
   7.162198e-06     0.004715078     0.007408461       -94.21936
      -197.2242       -177.5018
  -1.867855e-21    6.194539e-19               1        307.6923
  -8.025886e-08    2.546944e-05     -0.00953276        19.20263
   1.089653e-06   -0.0003053666     -0.04725529       -80.34596
       307.6923        557.6923
