              0               0               0        1173.077
   2.857405e-07    0.0002009174      -0.9503149        19.54831
  -4.440718e-07    0.0006271657       0.3112846       -39.29745
      -235.4102       -201.7801
   2.578164e-24   -2.333275e-21               1        1173.077
  -6.747709e-08    6.674952e-05   -0.0001963854        -12.1727
  -1.233246e-07    0.0001474799     -0.05876702       -28.13652
       1173.077        1538.462
              0               0               0        1538.462
   3.038566e-07     0.000173175      -0.9543306        28.16728
  -1.977538e-07    0.0005650669       0.2988743        -47.6614
      -257.0207       -220.3034
   2.578164e-24   -2.333275e-21               1        1173.077
   2.185215e-09   -1.202844e-05      0.02769202        19.54831
  -2.438405e-07    0.0002733911     -0.09022958       -39.29745
       1173.077        1538.462
