              0               0               0               0
  -3.346443e-07    -0.004316256       0.3134553        122.8006
    1.14608e-05    -0.001392749      -0.9492049        60.86844
       306.7942        323.8383
   8.523301e-22   -1.673124e-19               1               0
  -3.976001e-07    0.0001034429      0.00465386        126.8877
   7.788088e-07   -0.0002320401    -0.002723388        44.34223
              0        307.6923
              0               0               0        307.6923
  -5.283366e-06    -0.004152155       0.3219409        122.2893
    1.11936e-05    -0.001374579      -0.9467256        60.62806
         305.42        322.3878
   8.523301e-22   -1.673124e-19               1               0
  -3.798448e-07    0.0001007484     0.003300317        122.8006
   7.232225e-07   -0.0002225742   -0.0007676447        60.86844
              0        307.6923
