              0               0               0        557.6923
  -0.0001346536     0.003102217      0.05129808        113.3982
  -4.712321e-06    4.321924e-05      -0.9943692        27.58217
       -374.726       -355.0035
   2.146718e-21   -7.814377e-19               1        557.6923
   4.171784e-06    0.0001572424     -0.01496901        114.5836
   6.038874e-06   -0.0009584937        -0.06923        7.951463
       557.6923        711.5385
              0               0               0        711.5385
  -9.326999e-06    -0.004182239      -0.2760653        137.0848
   2.096276e-05     0.001210739       -0.962965        12.40247
      -320.4983         -303.63
   2.146718e-21   -7.814377e-19               1        557.6923
   3.966306e-06    0.0004190862     -0.00438908        113.3982
   5.807038e-06    -0.001077071     -0.07040948        27.58217
       557.6923        711.5385
