              0               0               0       -3846.154
  -9.509152e-07    0.0003120106       0.9790397       -72.23736
  -7.550319e-06    -0.001439355       0.2034784        73.08777
       244.8881        269.3769
  -1.415742e-28    4.900644e-26               1       -3846.154
   2.279479e-10    1.826157e-08     -0.01587323        -48.0887
   1.130812e-09   -1.887523e-06     0.008645654        77.09665
      -3846.154       -3269.231
              0               0               0       -3269.231
   1.565664e-07    0.0002651239       0.9739224       -84.19391
  -8.855188e-06    -0.001074233       0.2271246        76.42243
       275.1093        302.6202
  -1.415742e-28    4.900644e-26               1       -3846.154
   2.379087e-10    1.763939e-07     -0.02090563       -72.23736
   2.475571e-09   -3.455493e-06     0.006949658        73.08777
      -3846.154       -3269.231
