              0               0               0        3269.231
  -1.739189e-06    3.041209e-05      -0.9814249        367.0796
   9.978265e-06   -0.0001986126      -0.1911619        16.22083
      -525.9006       -498.2217
   6.811555e-27   -9.431384e-24               1        3269.231
  -6.670945e-09    3.992227e-06     -0.05791775        339.9011
   3.769818e-08   -3.331873e-05     0.008865977         10.9891
       3269.231        3846.154
              0               0               0        3846.154
  -3.695582e-06   -0.0001862074      -0.9462938        330.1626
   1.476425e-05    0.0005255213      -0.3238979        19.73429
      -470.9786       -446.1903
   6.811555e-27   -9.431384e-24               1        3269.231
  -3.790414e-09    2.027691e-06      -0.0638976        367.0796
    2.43885e-08   -2.455691e-05      0.01213997        16.22083
       3269.231        3846.154
