              0               0               0       -307.6923
   1.174828e-05    -0.004359256      -0.4411911        116.9779
   1.100268e-05     0.002116982      -0.8973211       -22.71533
       397.4938        414.7739
  -2.352002e-22    4.979552e-20               1       -307.6923
  -3.455745e-07     0.000235104     -0.04233179         108.113
  -4.616646e-07    0.0002932728     -0.04259431       -37.53225
      -307.6923               0
              0               0               0               0
   5.795037e-06    -0.003985214      -0.4597127        116.2447
   1.168403e-05     0.002089743      -0.8885762       -21.83994
       392.0196        409.0653
  -2.352002e-22    4.979552e-20               1       -307.6923
  -1.672555e-07    0.0001220189     -0.02409217        116.9779
  -5.774853e-07    0.0003581914     -0.05269454       -22.71533
      -307.6923               0
