              0               0               0       -1019.231
   -1.47593e-07   -0.0001831677      -0.9585606        77.39704
  -5.071064e-07    0.0007656305      -0.2873254       -12.18882
       707.7174        735.9861
   -3.17765e-24    3.030207e-22               1       -1019.231
   1.173141e-06    1.815024e-06     -0.01485702        50.15005
  -4.397915e-06    0.0002596771       0.1158976       -19.71077
      -1019.231       -865.3846
              0               0               0       -865.3846
  -6.640217e-07   -7.561232e-05      -0.9905547        73.36847
  -3.122179e-07    0.0009928069      -0.1422326       -9.161252
       534.3072        555.6573
   -3.17765e-24    3.030207e-22               1       -1019.231
   1.135228e-06    3.778989e-06     -0.05363643        77.39704
  -3.825342e-06    0.0003039747      0.06345453       -12.18882
      -1019.231       -865.3846
