              0               0               0       -1538.462
  -4.074981e-06    7.485611e-06      -0.8919322        145.2264
  -2.632392e-06    0.0009624238       -0.473125        7.294834
       841.5645        878.1095
  -5.358563e-26    1.024235e-23               1       -1538.462
  -2.710968e-07    3.314485e-05      0.03408077        112.4418
  -2.083162e-07    4.872864e-05      0.03202494       -8.838638
      -1538.462       -1173.077
              0               0               0       -1173.077
  -3.615889e-06   -8.720224e-05      -0.8545015        146.9695
  -3.838765e-06     0.001021891      -0.5377953        17.32906
       824.8319        860.6383
  -5.358563e-26    1.024235e-23               1       -1538.462
  -3.408635e-07    3.693192e-05      0.03678366        145.2264
  -3.967015e-07    7.813791e-05       0.0518737        7.294834
      -1538.462       -1173.077
