              0               0               0        1173.077
  -3.608541e-09   -2.459638e-06      -0.9977502        217.9574
  -2.371053e-07   -3.265593e-05      0.06706591       -71.24995
      -437.1903       -403.5603
   2.578164e-24   -2.333275e-21               1        1173.077
   4.350709e-07   -0.0004945796       0.1887968        184.4001
  -7.856152e-07    0.0008341923      -0.2236204       -69.04048
       1173.077        1538.462
              0               0               0        1538.462
   2.387115e-08   -2.365569e-06      -0.9986176        245.2459
   1.805687e-07   -3.929235e-05      0.05269685       -79.59227
      -477.3241       -440.6069
   2.578164e-24   -2.333275e-21               1        1173.077
   5.335741e-07    -0.000603433       0.2239343        217.9574
  -8.859323e-07    0.0009368361      -0.2468599       -71.24995
       1173.077        1538.462
