              0               0               0       -307.6923
   1.310616e-05   -0.0006848274      -0.9877947        36.53037
  -5.691907e-06     0.004594452      -0.1550866       -81.79741
       501.1746        518.4547
  -2.352002e-22    4.979552e-20               1       -307.6923
  -7.053124e-07    0.0005138521     -0.09104368        19.32429
   4.417258e-07   -0.0002756425      0.05022171       -83.13478
      -307.6923               0
              0               0               0               0
   1.285434e-05   -0.0006772931      -0.9879892        36.38748
  -1.032531e-05     0.004774118      -0.1530166       -79.63826
       494.2939        511.3396
  -2.352002e-22    4.979552e-20               1       -307.6923
  -7.306465e-07    0.0005191442     -0.09102745        36.53037
   3.200207e-07   -0.0001884484      0.03470353       -81.79741
      -307.6923               0
