              0               0               0        1173.077
   8.395087e-09    0.0002297458      -0.9358317        -12.1727
   5.027444e-07    0.0005823633       0.3519611       -28.13652
      -201.7801       -168.1501
   2.578164e-24   -2.333275e-21               1        1173.077
   -1.32795e-07    0.0001408531     -0.02688454       -43.38458
   -1.16842e-09    1.940466e-05     -0.02638091        -15.6223
       1173.077        1538.462
              0               0               0        1538.462
  -1.332531e-07    0.0002066454      -0.9403846       -6.624601
   1.457783e-07     0.000543284       0.3395698       -35.93555
      -220.3034       -183.5862
   2.578164e-24   -2.333275e-21               1        1173.077
  -6.747709e-08    6.674952e-05   -0.0001963854        -12.1727
  -1.233246e-07    0.0001474799     -0.05876702       -28.13652
       1173.077        1538.462
