              0               0               0        2692.308
   1.971385e-07    5.032311e-05      -0.9979421         69.3752
  -2.665695e-07    0.0007005981      0.06473393       -35.32917
      -245.4867       -214.8009
  -2.588391e-26    3.536769e-23               1        2692.308
   1.133293e-09   -3.110898e-06     0.001171055        38.80559
  -8.245992e-09    2.357875e-06       0.0126143       -32.69076
       2692.308        3269.231
              0               0               0        3269.231
   2.835531e-07    2.854357e-05      -0.9995462        66.30192
  -8.292605e-07    0.0008218349      0.03019451        -27.6597
      -221.4319       -193.7529
  -2.588391e-26    3.536769e-23               1        2692.308
   1.337011e-09   -3.252972e-06    -0.003895307         69.3752
  -1.040233e-08    1.859044e-06      0.01568353       -35.32917
       2692.308        3269.231
