              0               0               0        3269.231
  -7.544731e-07    0.0001478043       0.9846059        311.6627
  -1.535759e-06    0.0008080892      -0.1747323        28.86158
       471.2406        498.9607
   6.811555e-27   -9.431384e-24               1        3269.231
   2.454313e-10   -5.688845e-07     -0.05997592        339.0536
   4.929774e-09   -1.025955e-05      0.01376944        24.60622
       3269.231        3846.154
              0               0               0        3846.154
  -9.002936e-07    0.0001533194        0.987264        279.8598
  -6.900026e-07    0.0009068616      -0.1591967        33.46948
       419.6381        444.3227
   6.811555e-27   -9.431384e-24               1        3269.231
   -8.01579e-12   -2.487456e-07       -0.054979        311.6627
   4.229312e-09   -9.125024e-06      0.01184377        28.86158
       3269.231        3846.154
