              0               0               0       -557.6923
   1.520455e-05    -0.002531975      -0.8636332        71.72766
   8.281954e-06     0.004286629      -0.5044257       -78.93985
        496.877        514.3699
   8.804966e-23   -1.624172e-20               1       -557.6923
   2.291643e-06    -0.001199588      0.07908349        55.92683
  -1.013993e-06    0.0005720467     -0.06119606       -86.40767
      -557.6923       -307.6923
              0               0               0       -307.6923
    1.47528e-05    -0.001449618      -0.9509112        53.31898
   3.896093e-06     0.004392477       -0.310382       -77.76568
       483.8944        501.1746
   8.804966e-23   -1.624172e-20               1       -557.6923
   2.252847e-06    -0.001183631      0.08147006        71.72766
   -5.78419e-07    0.0003433762     -0.04499617       -78.93985
      -557.6923       -307.6923
