              0               0               0       -3269.231
   2.175323e-07   -0.0001739489       0.9926628        25.08341
   2.912384e-06    -0.001301355      -0.1194825        82.30822
        385.153        412.6639
   5.379818e-28   -1.960258e-25               1       -3269.231
  -3.995453e-09   -8.795472e-07     0.005050417        52.26537
   4.007035e-09   -2.621916e-06      0.01162108        78.09685
      -3269.231       -2692.308
              0               0               0       -2692.308
     1.3811e-07   -0.0001199314       0.9958964        23.82075
   2.440697e-06    -0.001165708     -0.08859982        88.42035
       427.4411        457.9726
   5.379818e-28   -1.960258e-25               1       -3269.231
  -5.044558e-09   -5.101783e-07   -0.0002152538        25.08341
   1.823025e-09   -2.267211e-06      0.01129559        82.30822
      -3269.231       -2692.308
