              0               0               0       -4423.077
   5.847821e-06   -0.0004429488      -0.9819871        66.73089
  -3.030155e-06     0.001230643      -0.1736825       -6.910933
       515.4176        536.8581
   2.831483e-29     1.28761e-41               1       -4423.077
  -9.178278e-10    8.592155e-07     0.007749561        45.53055
   4.744886e-09    -1.46511e-06      -0.0110446       -10.09893
      -4423.077       -3846.154
              0               0               0       -3846.154
   4.288208e-06   -0.0003879142      -0.9773445        74.28083
  -2.862046e-06    0.0009974418      -0.1988768       -11.72286
       587.9984        612.5539
   2.831483e-29     1.28761e-41               1       -4423.077
  -1.091119e-09    9.138243e-07      0.01292251        66.73089
    3.39918e-09   -7.998161e-07    -0.009010623       -6.910933
      -4423.077       -3846.154
