              0               0               0       -1173.077
  -5.313839e-07   -2.667036e-06        -0.99136       -332.8691
   4.805695e-06     7.37306e-06      -0.1313662       -107.8026
       1326.122        1361.928
    7.61619e-25   -4.849574e-23               1       -1173.077
  -4.074976e-06      0.00146981       0.3969927        -368.394
  -7.381715e-06     0.002115072       0.3950152       -112.2763
      -1173.077       -1019.231
              0               0               0       -1019.231
   4.436961e-07   -3.361551e-06      -0.9994662       -259.1218
   8.450388e-06   -3.805704e-05      0.03346064       -29.42951
       1046.942        1075.211
    7.61619e-25   -4.849574e-23               1       -1173.077
  -3.578587e-06     0.001322622       0.3605775       -332.8691
   -6.56043e-06     0.001946304       0.3652703       -107.8026
      -1173.077       -1019.231
