              0               0               0           -5000
  -7.526976e-07   -4.946187e-06       0.9997873       -230.4092
  -1.541799e-05     0.003002732     -0.07480367        35.06845
              0        18.46477
   2.831483e-29   -4.900644e-26               1           -5000
  -5.070476e-10    8.960539e-07     -0.06594618       -211.9547
  -5.904111e-10   -9.984727e-07    -0.003627106        34.61393
          -5000       -4423.077
              0               0               0       -4423.077
  -1.399984e-07   -6.287042e-05         1.00122       -271.2783
  -1.802499e-05     0.003204979     -0.07580444        32.40374
              0        21.48277
   2.831483e-29   -4.900644e-26               1           -5000
  -5.969929e-10    1.081825e-06     -0.07126527       -230.4092
  -5.806075e-10   -1.307699e-06    -0.003671153        35.06845
          -5000       -4423.077
