              0               0               0           -5000
  -1.692626e-05    0.0004675366      -0.9845451        77.88978
  -1.403584e-05     0.002156093      -0.2247652       0.8678352
       424.6103        443.0486
   2.831483e-29   -4.900644e-26               1           -5000
  -1.091119e-09      2.8023e-06      0.01077859        59.78928
    3.39918e-09   -6.683012e-06    -0.004693607       -2.631429
          -5000       -4423.077
              0               0               0       -4423.077
  -1.408926e-05    0.0004632963      -0.9824234         87.7205
  -6.651158e-06     0.001658456      -0.2356264       -2.555803
        493.977        515.4176
   2.831483e-29   -4.900644e-26               1           -5000
  -1.301772e-09     3.21932e-06      0.01561589        77.88978
   2.514531e-09   -4.626168e-06      -0.0041023       0.8678352
          -5000       -4423.077
