              0               0               0       -1538.462
   0.0003137923     -0.03149619       0.1982142        225.6851
   0.0001464502    -0.009455823      -0.6551253         76.7431
       731.9295        768.4745
  -5.358563e-26    1.024235e-23               1       -1538.462
  -4.366296e-07    3.799967e-05      0.03745554        206.1799
  -7.827984e-07    0.0001364484      0.09166252        47.32079
      -1538.462       -1173.077
              0               0               0       -1173.077
   0.0003149738     -0.03136901       0.2458364        220.5955
   0.0001774641     -0.01205023      -0.6401221        91.06699
       717.4126        753.2191
  -5.358563e-26    1.024235e-23               1       -1538.462
  -4.033806e-07    2.723472e-05      0.02997317        225.6851
  -9.719673e-07    0.0001630268       0.1093981         76.7431
      -1538.462       -1173.077
