              0               0               0        1019.231
  -0.0006715101      0.04504593       0.1130495       -152.3451
   4.340925e-05    -0.007663004       0.6765275        47.56628
              0        26.55932
  -3.664376e-23    1.457923e-20               1        1019.231
   2.247488e-07    0.0001013949       -0.123029        -130.148
   -1.80781e-06    0.0002139904       0.2132469         60.9422
       1019.231        1173.077
              0               0               0        1173.077
  -0.0004046606       0.0339273       0.2156189       -176.1434
   8.675211e-05     -0.01109846       0.6496093        79.62792
              0        33.67897
  -3.664376e-23    1.457923e-20               1        1019.231
   7.368057e-07    1.138122e-05       -0.173879       -152.3451
  -2.105828e-06    0.0003083943       0.2107974        47.56628
       1019.231        1173.077
