              0               0               0       -3846.154
   -1.83969e-06    0.0001785006      -0.9893592       -96.63562
  -1.245403e-05     0.001133599       0.1457213       -19.88786
       759.8872        784.4428
  -1.415742e-28    4.900644e-26               1       -3846.154
  -2.622871e-09    4.228634e-06     -0.02863267       -120.8495
   -3.74798e-08    3.683409e-05     -0.01005691       -15.81046
      -3846.154       -3269.231
              0               0               0       -3269.231
  -1.181721e-06    9.180825e-05      -0.9859176       -109.4223
   -6.06074e-06    0.0004775998       0.1679885       -21.39976
       852.4313        879.9052
  -1.415742e-28    4.900644e-26               1       -3846.154
  -1.544287e-09      3.0393e-06     -0.02340307       -96.63562
  -3.358224e-08    3.320415e-05     -0.01059935       -19.88786
      -3846.154       -3269.231
