              0               0               0           -5000
   -1.11067e-06    0.0003364994       0.9834847       -48.58939
  -1.890914e-05    -0.001661263       0.1817217        63.47607
       184.6477        203.1124
   2.831483e-29   -4.900644e-26               1           -5000
     3.7282e-10   -1.272269e-06      -0.0144263       -30.32183
  -1.001277e-09    1.578436e-06     0.009002292        66.14607
          -5000       -4423.077
              0               0               0       -4423.077
  -6.328469e-07    0.0003033966       0.9810647        -60.2063
  -1.102096e-05    -0.001472982       0.1935354        68.30418
       214.8277        236.3104
   2.831483e-29   -4.900644e-26               1           -5000
   4.613732e-10   -1.420667e-06     -0.01946993       -48.58939
   -1.95786e-09    3.321715e-06     0.007104017        63.47607
          -5000       -4423.077
