              0               0               0       -2692.308
   5.297975e-07   -4.630972e-05       0.9541598        -184.724
  -1.697492e-06    0.0001475071       0.2992905        51.18708
       213.7205         244.252
  -2.010353e-27    7.350966e-25               1       -2692.308
   2.890597e-08   -1.182257e-05     -0.03600406       -155.6201
   2.503545e-08   -2.135223e-05     -0.01114608        60.41406
      -2692.308       -2115.385
              0               0               0       -2115.385
   5.603857e-07   -5.081461e-05       0.9336858       -206.0696
  -1.463857e-06     0.000132041       0.3580962        39.57496
       234.8829        268.4376
  -2.010353e-27    7.350966e-25               1       -2692.308
   3.072532e-08   -1.175983e-05     -0.04044122        -184.724
   2.911795e-08   -2.466199e-05     -0.01559123        51.18708
      -2692.308       -2115.385
