              0               0               0        1019.231
  -8.514372e-06    0.0004815557      -0.9527208       -62.80137
   4.379226e-06    0.0009742017       0.2949253       -3.621386
      -106.0648       -79.54859
  -3.664376e-23    1.457923e-20               1        1019.231
   6.279878e-07   -1.658111e-05      -0.1156359       -87.88405
  -9.063708e-07    0.0001726874      0.05295855        4.965528
       1019.231        1173.077
              0               0               0        1173.077
  -4.131784e-06    0.0004660799      -0.8969214       -73.98642
   4.312081e-06    0.0006603451       0.4363347       -1.684914
      -134.5201       -100.8901
  -3.664376e-23    1.457923e-20               1        1019.231
   4.999516e-07   -2.100022e-05     -0.08130519       -62.80137
  -5.005577e-07    0.0001187655     0.006162973       -3.621386
       1019.231        1173.077
