              0               0               0        307.6923
  -4.365539e-06     0.004216206       0.1745367       -88.02199
  -5.859754e-06   -0.0009076857       0.9849226        44.26822
       16.96778        33.93556
  -1.867855e-21    6.194539e-19               1        307.6923
  -4.485809e-07    0.0001133183      0.01487362       -83.86795
  -1.559505e-06    0.0003519767      0.07435358        60.69021
       307.6923        557.6923
              0               0               0        557.6923
   1.554278e-05     0.004260622       0.1550557       -83.67702
  -1.672996e-05   -0.0007257869       0.9886808        61.45381
       15.88614        31.77228
  -1.867855e-21    6.194539e-19               1        307.6923
  -4.510474e-07    0.0001268644      0.01385422       -88.02199
  -1.728303e-06    0.0003842114      0.08070846        44.26822
       307.6923        557.6923
