              0               0               0        2115.385
   0.0003882953    -0.004107966      -0.9323447        -153.832
  -0.0001269724     0.006703847       0.6542709        25.06166
      -33.70449               0
   9.672408e-26   -1.320394e-22               1        2115.385
   -3.12936e-09    5.789823e-06      0.02619212       -175.0557
  -8.385462e-09    2.366512e-05     -0.03434116        49.86753
       2115.385        2692.308
              0               0               0        2692.308
   0.0004779262    -0.004968548      -0.9740313       -137.8606
   -0.000124764     0.007193503       0.5927906        14.96297
      -30.68584               0
   9.672408e-26   -1.320394e-22               1        2115.385
  -1.794248e-09    2.451327e-06      0.02686659        -153.832
  -6.154994e-09    1.996043e-05     -0.02697141        25.06166
       2115.385        2692.308
