              0               0               0       -3846.154
  -3.388277e-07    4.297683e-05      -0.9839207       -120.8495
  -1.583379e-06    0.0002161525       0.1788652       -15.81046
       784.4428        808.9983
  -1.415742e-28    4.900644e-26               1       -3846.154
  -3.358044e-09    5.069759e-06      -0.0338786       -144.9893
  -3.937603e-08    3.843259e-05    -0.009597081       -11.31143
      -3846.154       -3269.231
              0               0               0       -3269.231
  -6.718203e-08   -5.591145e-06      -0.9835488       -136.4645
  -5.038309e-07   -2.193643e-05       0.1805074       -16.54964
       879.9052        907.3791
  -1.415742e-28    4.900644e-26               1       -3846.154
  -2.622871e-09    4.228634e-06     -0.02863267       -120.8495
   -3.74798e-08    3.683409e-05     -0.01005691       -15.81046
      -3846.154       -3269.231
