              0               0               0        1019.231
   1.072885e-06   -0.0001054947       0.9356711        129.6889
   2.815526e-06   -0.0002754215      -0.3528967        59.38387
       292.1526        318.7119
  -3.664376e-23    1.457923e-20               1        1019.231
  -1.998038e-06    8.546145e-05       0.3874542        154.4854
   3.449912e-06    -0.000953875      -0.1006091        49.86964
       1019.231        1173.077
              0               0               0        1173.077
   1.030995e-06   -0.0001167954       0.8714661         179.584
   1.766672e-06   -0.0002019047      -0.4905246        41.05855
       370.4686        404.1476
  -3.664376e-23    1.457923e-20               1        1019.231
   -2.00663e-06    0.0001403095       0.3502261        129.6889
   2.981993e-06   -0.0008771575       -0.054747        59.38387
       1019.231        1173.077
