              0               0               0       -2115.385
   3.275233e-09   -5.699166e-06       -0.996766       -231.5201
   4.975768e-10   -6.986442e-05      0.08032587        -38.3318
         1140.1          1173.6
   7.503431e-27   -2.744361e-24               1       -2115.385
  -7.999437e-08    4.279356e-05     -0.02358641       -264.9184
  -1.783958e-07    2.632569e-05     -0.03192112       -35.71924
      -2115.385       -1538.462
              0               0               0       -1538.462
   1.201256e-09    3.015982e-06      -0.9989931       -243.1392
   3.623392e-08    -6.83138e-05     -0.04481139       -77.90206
       1243.559        1280.104
   7.503431e-27   -2.744361e-24               1       -2115.385
  -6.793381e-08    3.815167e-05     -0.01953934       -231.5201
  -1.586182e-07    2.364361e-05     -0.02943447        -38.3318
      -2115.385       -1538.462
