              0               0               0       -2115.385
   8.274786e-07   -0.0002907159        1.002264       -431.8408
  -7.166414e-06     0.002006954      0.05210534        -22.1571
              0         33.5547
   7.503431e-27   -2.744361e-24               1       -2115.385
  -1.354563e-07    6.334088e-05     -0.04013596       -398.5062
  -2.688128e-07    4.237789e-05      -0.0401825        -18.4198
      -2115.385       -1538.462
              0               0               0       -1538.462
   1.445059e-06   -0.0004957326       0.9880449       -462.1557
  -5.803283e-06     0.001779849       0.1773175       -87.70376
              0        36.59648
   7.503431e-27   -2.744361e-24               1       -2115.385
  -1.452816e-07    6.805359e-05     -0.04345208       -431.8408
  -2.849266e-07    4.386294e-05      -0.0440847        -22.1571
      -2115.385       -1538.462
