              0               0               0       -1538.462
   2.055308e-07   -0.0001659303      -0.9578311        9.790764
  -1.982977e-07    0.0005678718       -0.287438       -47.11478
       987.7444        1024.289
  -5.358563e-26    1.024235e-23               1       -1538.462
   8.948332e-08    5.423734e-06       0.0142539       -25.42473
    5.31536e-07    -7.13822e-05     -0.04724174       -56.87046
      -1538.462       -1173.077
              0               0               0       -1173.077
   2.111248e-07   -0.0002168308      -0.9337473        18.57507
  -2.017099e-08    0.0005736067      -0.3580322        -45.6476
       968.0575        1003.864
  -5.358563e-26    1.024235e-23               1       -1538.462
  -1.189432e-08    1.417108e-05      0.02045132        9.790764
    3.48496e-07   -4.106581e-05     -0.02750601       -47.11478
      -1538.462       -1173.077
