              0               0               0        3846.154
  -4.186385e-05     0.002810993       0.8992394       -81.61582
  -2.167178e-05    0.0001673744       0.3411268        50.80186
       49.36919        74.05379
  -1.362311e-27    2.357846e-24               1        3846.154
   1.625885e-09   -2.110708e-06      0.01590227       -58.33532
  -3.472904e-09    5.335278e-06    -0.009137406        58.99845
       3846.154        4423.077
              0               0               0        4423.077
  -5.577462e-05     0.003313984       0.8909545       -69.85816
  -2.762778e-05    0.0001420416       0.3597828        47.24988
       43.36358        65.04537
  -1.362311e-27    2.357846e-24               1        3846.154
   1.502586e-09   -1.974677e-06      0.02101907       -81.61582
  -2.936392e-09     4.68267e-06    -0.007880947        50.80186
       3846.154        4423.077
