              0               0               0        557.6923
   1.799622e-05    -0.004670965      -0.5193954         99.5087
   9.484777e-06      0.00283684      -0.8537978       -48.48239
      -295.8363       -276.1139
   2.146718e-21   -7.814377e-19               1        557.6923
   4.856946e-06   -0.0004837983     -0.04385582        87.58614
    4.32711e-06   -3.356564e-05     -0.02643621       -64.14513
       557.6923        711.5385
              0               0               0        711.5385
   7.519491e-06    -0.002344998      -0.7646574        100.6036
  -6.649092e-07     0.002940626      -0.6441928       -43.21734
       -253.025       -236.1567
   2.146718e-21   -7.814377e-19               1        557.6923
   4.981021e-06   -0.0004401201     -0.04306613         99.5087
   5.012395e-06    -0.000289428     -0.03988632       -48.48239
       557.6923        711.5385
