              0               0               0        711.5385
   1.106434e-05     0.003351079      -0.6677994       -66.62624
  -8.059642e-06     0.003001536       0.7448463       -34.35505
      -67.47333         -50.605
  -5.749011e-22    2.093553e-19               1        711.5385
  -1.074285e-06   -8.246904e-06      0.04328254       -76.88428
  -3.372421e-06     0.001036136      0.02709838       -20.97536
       711.5385        865.3846
              0               0               0        865.3846
   -1.29056e-05    0.0005814927       -0.969364       -55.46653
   7.910615e-06     0.001518185       0.2357547       -9.823781
      -78.36919       -58.77689
  -5.749011e-22    2.093553e-19               1        711.5385
  -1.615509e-06    0.0001318588      0.09048904       -66.62624
  -4.497097e-06     0.001172076      0.08557396       -34.35505
       711.5385        865.3846
