              0               0               0       -1019.231
  -4.849069e-07   -6.856479e-06      -0.9978177       -315.5806
  -1.031582e-05   -0.0001962576      0.06520249       -26.55615
       1103.479        1131.748
   -3.17765e-24    3.030207e-22               1       -1019.231
   4.378091e-06   -0.0006289504       0.6491242       -343.8041
   1.937566e-06    -0.001753535       0.5628905       -25.10282
      -1019.231       -865.3846
              0               0               0       -865.3846
  -3.554344e-06   -5.380695e-05      -0.9785747       -221.9314
   -1.82785e-05   -0.0002881464       0.2055261        22.96848
       833.2084        854.5585
   -3.17765e-24    3.030207e-22               1       -1019.231
   3.441994e-06    -0.000510022       0.6057177       -315.5806
   4.993702e-07    -0.001512588       0.5427965       -26.55615
      -1019.231       -865.3846
