              0               0               0       -307.6923
  -6.109027e-06     0.004423688       0.2909663       -84.72214
  -1.141819e-05    -0.001377834       0.9567119        61.45019
       34.56534        51.84801
  -2.352002e-22    4.979552e-20               1       -307.6923
  -1.288867e-07    6.950464e-05     -0.00585619       -78.40368
   4.573031e-07   -0.0003976759      0.07590742        77.51424
      -307.6923               0
              0               0               0               0
   2.553381e-06     0.004143002       0.3163872       -83.98855
  -1.677288e-05    -0.001365817       0.9489457        60.84799
       34.08824        51.13237
  -2.352002e-22    4.979552e-20               1       -307.6923
  -3.189995e-07    0.0002090205     -0.03172872       -84.72214
   5.068486e-07   -0.0004418669      0.08601622        61.45019
      -307.6923               0
