              0               0               0       -3846.154
   0.0001550072     -0.00278888       0.8993866        119.6458
  -7.428597e-05    0.0001840601      -0.3421269        50.61587
       440.7986        465.2874
  -1.415742e-28    4.900644e-26               1       -3846.154
  -9.725856e-10    5.942902e-07      0.02587869        142.2747
  -1.796568e-09    3.352762e-06     0.006603963        41.25701
      -3846.154       -3269.231
              0               0               0       -3269.231
   0.0001268874    -0.002593495         0.90154        131.7344
  -6.010526e-05    6.701904e-05      -0.3330381         56.2009
       495.1967        522.7076
  -1.415742e-28    4.900644e-26               1       -3846.154
  -1.429622e-09    1.056814e-06      0.02081968        119.6458
  -3.471746e-09    4.687084e-06     0.008132158        50.61587
      -3846.154       -3269.231
