              0               0               0        307.6923
  -5.283366e-06    -0.004152155       0.3219409        122.2893
    1.11936e-05    -0.001374579      -0.9467256        60.62806
         305.42        322.3878
  -1.867855e-21    6.194539e-19               1        307.6923
   9.188458e-07   -0.0002635725     -0.04461678        126.5307
  -1.952801e-06    0.0004868604      0.07568286        44.22316
       307.6923        557.6923
              0               0               0        557.6923
   1.295998e-05    -0.004671255       0.2857134        109.8482
   1.540997e-05    -0.001353423       -0.958157        78.56132
       285.9505        301.8366
  -1.867855e-21    6.194539e-19               1        307.6923
   8.846497e-07   -0.0002498776     -0.04258556        122.2893
  -1.715149e-06    0.0004450158      0.06767594        60.62806
       307.6923        557.6923
