              0               0               0       -3269.231
   4.615322e-07   -8.384752e-05       0.9668751       -190.3505
  -1.853394e-06    0.0003158112       0.2552364        47.45774
       165.0656        192.5765
   5.379818e-28   -1.960258e-25               1       -3269.231
  -7.821699e-09    1.777722e-06     -0.03468231       -163.8047
  -1.409437e-08   -2.678972e-07    -0.001208599        54.67996
      -3269.231       -2692.308
              0               0               0       -2692.308
   3.432834e-07    -7.77526e-05       0.9579476       -213.9089
  -1.185537e-06    0.0002560958       0.2869679        42.22053
        183.189        213.7205
   5.379818e-28   -1.960258e-25               1       -3269.231
  -8.082485e-09    2.247653e-06     -0.03944105       -190.3505
  -1.557323e-08   -9.426194e-07     -0.00335061        47.45774
      -3269.231       -2692.308
