              0               0               0        557.6923
  -1.692211e-05    0.0001312454       0.9999723        15.01527
  -6.769271e-06    -0.004919331      0.02886743        148.7487
       158.8614        174.7475
   2.146718e-21   -7.814377e-19               1        557.6923
    1.94645e-06    9.840645e-05     -0.01270901        30.86624
  -2.134851e-06    -0.000529074    -0.004598834        147.9386
       557.6923        711.5385
              0               0               0        711.5385
  -1.004245e-05   -5.789538e-05         1.00007        21.54059
   1.208802e-05    -0.004396929    -0.006631041        128.2373
       168.5054         185.356
   2.146718e-21   -7.814377e-19               1        557.6923
   2.025146e-06    5.523902e-05     -0.01401615        15.01527
  -2.060738e-06   -0.0005139486    -0.005479801        148.7487
       557.6923        711.5385
