              0               0               0       -711.5385
   6.327128e-05    -0.003620352       0.5341723        125.0556
  -3.303059e-05    -0.001437816      -0.8369184         55.0855
       300.6176        317.3186
  -4.461828e-23    4.351327e-21               1       -711.5385
   1.709654e-07    0.0002476161      -0.1116555        133.2618
  -3.600511e-06    0.0006880252        0.106877        40.55323
      -711.5385       -557.6923
              0               0               0       -557.6923
  -3.157909e-06    -0.004548082       0.3238615         118.254
   1.561293e-05    -0.001570065      -0.9463516         77.4704
       321.2406        339.0873
  -4.461828e-23    4.351327e-21               1       -711.5385
   7.306029e-07   -4.234815e-05     -0.05498816        125.0556
  -3.345261e-06    0.0005245368       0.1439817         55.0855
      -711.5385       -557.6923
