              0               0               0       -1173.077
   3.935013e-08     1.28648e-06      -0.9935531        -155.186
  -2.380245e-07   -1.965118e-05      -0.1131684       -85.90449
        1147.09        1182.896
    7.61619e-25   -4.849574e-23               1       -1173.077
  -1.866427e-06    0.0007510497       0.2186683       -190.7581
  -3.672218e-06      0.00129769       0.2519127       -89.99276
      -1173.077       -1019.231
              0               0               0       -1019.231
  -1.085915e-08   -2.157339e-06      -0.9987429       -117.9016
   -6.70697e-07   -1.417147e-05      0.04955854       -35.26865
       905.5984        933.8671
    7.61619e-25   -4.849574e-23               1       -1173.077
  -1.481447e-06    0.0006097252       0.1836084        -155.186
   -3.05818e-06     0.001144418       0.2254517       -85.90449
      -1173.077       -1019.231
