              0               0               0           -5000
   4.378438e-06    9.395891e-05       0.9755364       -66.66204
  -2.265697e-05   -0.0004061959       0.2198969        59.69685
       166.1829        184.6477
   2.831483e-29   -4.900644e-26               1           -5000
   4.613732e-10   -1.420667e-06     -0.01946993       -48.58939
   -1.95786e-09    3.321715e-06     0.007104017        63.47607
          -5000       -4423.077
              0               0               0       -4423.077
   3.236865e-06    9.478614e-05       0.9725106       -81.17436
   -1.71176e-05   -0.0003697818       0.2331231        63.63642
       193.3449        214.8277
   2.831483e-29   -4.900644e-26               1           -5000
   4.467554e-10   -1.343962e-06     -0.02452802       -66.66204
  -2.201786e-09    3.623036e-06     0.005471226        59.69685
          -5000       -4423.077
