              0               0               0       -2115.385
   5.603857e-07   -5.081461e-05       0.9336858       -206.0696
  -1.463857e-06     0.000132041       0.3580962        39.57496
       234.8829        268.4376
   7.503431e-27   -2.744361e-24               1       -2115.385
   -1.04141e-07    3.820699e-05     -0.02078228       -174.7761
  -1.330266e-07    2.197836e-05     -0.01078486        51.68413
      -2115.385       -1538.462
              0               0               0       -1538.462
   6.375846e-07   -6.235351e-05       0.8816149       -226.2583
  -1.199489e-06    0.0001164298       0.4719702        9.863583
       256.1753        292.7718
   7.503431e-27   -2.744361e-24               1       -2115.385
   -1.06834e-07     4.14186e-05     -0.02333039       -206.0696
  -1.543504e-07    2.573445e-05      -0.0149725        39.57496
      -2115.385       -1538.462
