              0               0               0        711.5385
  -3.128772e-05     0.004869992       0.3948341       -85.18174
  -6.332852e-06    -0.001871683       0.9158376        58.72045
       33.70108        50.55163
  -5.749011e-22    2.093553e-19               1        711.5385
  -1.506031e-06    0.0003321643     0.002089624       -77.29548
   3.041875e-06   -0.0001483746      -0.1700516        73.59106
       711.5385        865.3846
              0               0               0        865.3846
  -5.752609e-05     0.003379256       0.8631296       -92.37408
  -3.540298e-05    4.576079e-06       0.4335273        46.76345
       39.19061        58.78591
  -5.749011e-22    2.093553e-19               1        711.5385
  -5.700818e-07    4.434538e-05     -0.04007953       -85.18174
   1.857474e-06    0.0001500637      -0.1447711        58.72045
       711.5385        865.3846
