              0               0               0       -1173.077
   1.835035e-06   -0.0006186304       0.9705976       -439.5706
  -5.589368e-06     0.001712094       0.2547804       -120.0003
              0        35.87063
    7.61619e-25   -4.849574e-23               1       -1173.077
  -4.763544e-06     0.001656868       0.4405696       -405.4659
  -8.951071e-06      0.00230837       0.4292307       -108.9162
      -1173.077       -1019.231
              0               0               0       -1019.231
   1.375759e-06   -0.0004259666       0.9992919       -343.8041
  -9.588707e-06     0.002339802       0.0920121       -25.10282
              0        28.31869
    7.61619e-25   -4.849574e-23               1       -1173.077
  -5.213802e-06      0.00177742       0.4724366       -439.5706
  -9.118876e-06     0.002455177       0.4549455       -120.0003
      -1173.077       -1019.231
