              0               0               0        865.3846
  -2.741211e-07   -6.717902e-05       -0.963569        175.6177
   5.364127e-07    0.0002616566      -0.2672492        8.899742
      -313.4767       -293.8844
   1.528862e-22   -5.598364e-20               1        865.3846
  -1.869643e-07   -2.226995e-05       0.4577393        156.7113
   3.815473e-06    -0.002518442       0.1508983         3.76819
       865.3846        1019.231
              0               0               0        1019.231
  -1.132112e-08    5.012251e-06       -0.997474        252.3707
   2.992041e-07   -7.678567e-05     -0.07090501       -16.80284
      -424.2592        -397.743
   1.528862e-22   -5.598364e-20               1        865.3846
  -1.679098e-07   -1.890831e-05       0.5057781        175.6177
   3.315596e-06    -0.002389003       0.1219965        8.899742
       865.3846        1019.231
