              0               0               0       -1173.077
  -0.0003532886     0.006649047        1.132557        187.7206
  -9.474537e-05    -0.001854497      -0.1413509        102.8965
        681.542        717.4126
    7.61619e-25   -4.849574e-23               1       -1173.077
   1.047481e-06   -0.0004149324      -0.1116856        220.5955
   2.762581e-06   -0.0009023989      -0.1607571        91.06699
      -1173.077       -1019.231
              0               0               0       -1019.231
  -0.0005834069     0.007889499        1.093767        173.3547
  -6.234117e-05    -0.003557055      -0.3221945        68.42852
       538.0551        566.3738
    7.61619e-25   -4.849574e-23               1       -1173.077
   2.556662e-07   -0.0002120762     -0.06680271        187.7206
   2.303234e-06   -0.0008249106      -0.1516468        102.8965
      -1173.077       -1019.231
