              0               0               0       -307.6923
  -2.828951e-06     0.004717039     -0.02498604        -89.3774
   -1.45786e-05    0.0001339083       0.9997086        27.33699
              0        17.28267
  -2.352002e-22    4.979552e-20               1       -307.6923
  -5.192421e-07    0.0003570268     -0.05979007       -88.41489
    5.21548e-07   -0.0004608509      0.09162642        44.57937
      -307.6923               0
              0               0               0               0
  -8.322797e-06      0.00499413     0.004918409       -89.62976
   -1.15153e-05   -0.0001882077         1.00192        27.36913
              0        17.04412
  -2.352002e-22    4.979552e-20               1       -307.6923
  -5.444915e-07    0.0003790804     -0.06591079        -89.3774
   5.058164e-07   -0.0004569091      0.09280392        27.33699
      -307.6923               0
