              0               0               0        1538.462
   5.461899e-07   -8.266254e-07       0.8737263        233.7774
   9.854569e-07   -1.395794e-06      -0.4864226        24.65834
       441.3737        478.1549
  -3.610124e-25    4.927898e-22               1        1538.462
   -2.43941e-10   -2.813335e-06     -0.03255117        265.9401
   1.384503e-08   -5.142891e-05      0.07970801        6.814309
       1538.462        2115.385
              0               0               0        2115.385
   5.763023e-07    -5.03627e-06       0.9299853        214.7617
   1.474933e-06   -1.312667e-05      -0.3675989        50.71012
        405.157        438.9201
  -3.610124e-25    4.927898e-22               1        1538.462
  -1.608896e-09    1.505291e-06      -0.0332934        233.7774
   1.289188e-08   -4.589606e-05      0.06734398        24.65834
       1538.462        2115.385
