              0               0               0        1019.231
  -8.588498e-07    8.164272e-05      -0.9976072        358.0673
   1.033404e-05    -0.001007733     -0.06645741       -8.155347
      -530.3239       -503.8077
  -3.664376e-23    1.457923e-20               1        1019.231
  -2.845563e-06    3.393917e-05       0.6312648         331.656
   5.981042e-06    -0.001196274      -0.4460668       -10.43342
       1019.231        1173.077
              0               0               0        1173.077
   4.923686e-07   -6.529582e-05      -0.9958559        452.7611
    6.56826e-06   -0.0008204332      0.08406555       -87.74338
      -672.6004       -638.9704
  -3.664376e-23    1.457923e-20               1        1019.231
  -3.351748e-06    0.0001412754       0.6731059        358.0673
   6.482454e-06    -0.001320642      -0.4675773       -8.155347
       1019.231        1173.077
