              0               0               0           -5000
   -3.91821e-06    8.104256e-06        1.000002       -11.89011
   1.395219e-06     -0.00250899     0.004687139        67.11075
       221.5772         240.042
   2.831483e-29   -4.900644e-26               1           -5000
   4.567672e-10   -1.451904e-06    -0.003919526        6.552794
   1.227381e-09   -2.686121e-06      0.01181524        66.35064
          -5000       -4423.077
              0               0               0       -4423.077
  -3.043443e-06    4.303014e-05       0.9997901       -17.57195
   4.467967e-06    -0.002293319      0.01881976        73.11855
       257.7932         279.276
   2.831483e-29   -4.900644e-26               1           -5000
    3.63512e-10   -1.261871e-06    -0.009241512       -11.89011
   2.122707e-10   -7.972364e-07      0.01080282        67.11075
          -5000       -4423.077
