              0               0               0        1173.077
   8.205867e-07    0.0001667299      -0.9905009        117.4014
  -1.769206e-06     0.001268254       0.1361501       -63.30614
      -336.3002       -302.6702
   2.578164e-24   -2.333275e-21               1        1173.077
   1.553336e-07   -0.0001842799      0.08717479        84.31057
  -4.757338e-07    0.0005147586      -0.1493513       -57.36034
       1173.077        1538.462
              0               0               0        1538.462
   5.813334e-07    0.0001428147      -0.9922255        135.3482
  -2.177366e-06     0.001200981        0.122786       -72.43415
      -367.1724       -330.4552
   2.578164e-24   -2.333275e-21               1        1173.077
   2.422672e-07   -0.0002811696       0.1195087        117.4014
  -5.838014e-07    0.0006268435      -0.1760799       -63.30614
       1173.077        1538.462
