              0               0               0               0
  -1.375348e-05     0.003301773       0.7087424       -57.27415
  -5.466216e-06    -0.003301983       0.7049115        103.8968
       85.22061        102.2647
   8.523301e-22   -1.673124e-19               1               0
  -3.479177e-08    5.044407e-05     -0.01243987       -44.30319
   3.346423e-07   -2.563329e-05     -0.02517891        114.9251
              0        307.6923
              0               0               0        307.6923
  -3.110354e-05     0.003741331       0.7105398       -57.35006
   1.609481e-05    -0.003824852       0.7023969        103.6038
       84.83889        101.8067
   8.523301e-22   -1.673124e-19               1               0
   2.928646e-08    2.034182e-05    -0.009278415       -57.27415
   3.144229e-07   -1.615247e-06     -0.03022336        103.8968
              0        307.6923
