              0               0               0        2692.308
  -2.673671e-05     0.002223088       0.9143118       -105.1424
  -1.389259e-05     1.27291e-05       0.3009308        63.81944
       61.47865        92.21798
  -2.588391e-26    3.536769e-23               1        2692.308
   4.278156e-10    2.123285e-06       0.0125907       -75.71306
   -3.79426e-09    5.856865e-06     -0.01477504        72.67836
       2692.308        3269.231
              0               0               0        3269.231
  -3.248985e-05     0.002477325       0.9031301       -93.90667
  -1.871192e-05    0.0001391538       0.3315508        56.47615
       55.44008        83.16011
  -2.588391e-26    3.536769e-23               1        2692.308
   4.912554e-10    1.616752e-06      0.01837903       -105.1424
  -3.680685e-09    7.168449e-06     -0.01563894        63.81944
       2692.308        3269.231
