              0               0               0        2692.308
   4.973339e-07    4.352266e-05       0.9531349        224.8192
   1.717519e-06    0.0001361179      -0.3025745        50.72838
       399.6112        430.3506
  -2.588391e-26    3.536769e-23               1        2692.308
  -6.092012e-11    9.929293e-07     -0.04141425        254.1735
   3.983182e-09   -1.246375e-05      0.01575042        41.60595
       2692.308        3269.231
              0               0               0        3269.231
   3.875538e-07    4.817587e-05       0.9628772        203.8632
   1.553794e-06    0.0001711951      -0.2699515        54.62758
       360.3605        388.0805
  -2.588391e-26    3.536769e-23               1        2692.308
  -1.131793e-11    1.375885e-06     -0.03711379        224.8192
    4.04362e-09   -1.120842e-05      0.01187913        50.72838
       2692.308        3269.231
