              0               0               0       -3846.154
  -4.184222e-05    0.0002851182       0.9607007        96.56294
   2.195076e-05    -0.001428584        -0.31165        58.78217
       416.3098        440.7986
  -1.415742e-28    4.900644e-26               1       -3846.154
  -1.429622e-09    1.056814e-06      0.02081968        119.6458
  -3.471746e-09    4.687084e-06     0.008132158        50.61587
      -3846.154       -3269.231
              0               0               0       -3269.231
  -3.452531e-05    0.0002559743       0.9658474        105.6882
   1.780806e-05     -0.00140273      -0.2962914        65.04301
       467.6858        495.1967
  -1.415742e-28    4.900644e-26               1       -3846.154
  -1.450735e-09    1.129463e-06      0.01564839        96.56294
  -4.244015e-09    5.194818e-06     0.009267705        58.78217
      -3846.154       -3269.231
