              0               0               0       -3269.231
  -6.757485e-08    -1.11284e-05      -0.9840082       -163.4921
  -3.713307e-07   -6.346301e-05       0.1781611       -11.61741
       907.3791         934.853
   5.379818e-28   -1.960258e-25               1       -3269.231
  -1.702354e-09    -9.84211e-07     -0.03644681       -190.5364
   7.032512e-09   -3.042339e-05    -0.004463372       -6.778238
      -3269.231       -2692.308
              0               0               0       -2692.308
  -5.695238e-08   -6.809714e-06      -0.9892732       -182.0527
  -3.792285e-07   -4.842194e-05       0.1461254       -22.52776
       1006.925        1037.409
   5.379818e-28   -1.960258e-25               1       -3269.231
  -1.086459e-09   -7.422397e-07     -0.03138196       -163.4921
   8.422745e-09   -2.971823e-05    -0.004569567       -11.61741
      -3269.231       -2692.308
