              0               0               0        711.5385
    4.37329e-06    -0.001022965      -0.9546658        56.66705
   2.439481e-05     0.003261813      -0.2993037       -67.56891
        -202.42       -185.5517
  -5.749011e-22    2.093553e-19               1        711.5385
  -3.475333e-06     0.001291536        0.145122        40.29334
  -9.068123e-06      0.00165667       0.3301338       -71.57245
       711.5385        865.3846
              0               0               0        865.3846
  -2.110807e-06    -9.91894e-05      -0.9743184        99.67696
   9.851349e-06    0.0004374106      -0.2249513       -10.42622
      -235.1076       -215.5153
  -5.749011e-22    2.093553e-19               1        711.5385
  -3.643454e-06     0.001468566       0.1398668        56.66705
  -9.455463e-06     0.001762605       0.3240553       -67.56891
       711.5385        865.3846
