              0               0               0       -4423.077
   5.321191e-08    -2.43337e-05      -0.9786392       -145.3971
   2.009104e-07   -0.0001148921       0.2055702        5.952262
       729.8232        751.2638
   2.831483e-29     1.28761e-41               1       -4423.077
   4.187683e-09   -1.318294e-06     -0.04707499       -166.3903
   2.822338e-08   -1.148338e-05     -0.02387561        10.30897
      -4423.077       -3846.154
              0               0               0       -3846.154
  -1.734894e-08    2.538746e-05      -0.9813571       -169.1009
  -3.053949e-08    0.0001271812        0.192183       -6.663402
       833.5538        858.1094
   2.831483e-29     1.28761e-41               1       -4423.077
   3.941562e-09   -1.171656e-06     -0.04172259       -145.3971
   2.904139e-08   -1.159165e-05      -0.0248458        5.952262
      -4423.077       -3846.154
