              0               0               0        1173.077
  -3.248118e-07    3.405439e-05      -0.9979572        385.6342
   -4.87248e-06    0.0005049112      0.06284352       -83.80211
      -605.3404       -571.7104
   2.578164e-24   -2.333275e-21               1        1173.077
    9.34104e-07     -0.00104422        0.365597         352.099
  -1.293863e-06     0.001354159      -0.3418953       -81.30296
       1173.077        1538.462
              0               0               0        1538.462
   -2.15407e-07    2.478369e-05      -0.9987104        428.4867
  -4.448921e-06    0.0004893239      0.04927231       -90.80261
      -660.9103       -624.1931
   2.578164e-24   -2.333275e-21               1        1173.077
   1.039122e-06    -0.001158813       0.4019638        385.6342
  -1.396851e-06     0.001459382      -0.3659073       -83.80211
       1173.077        1538.462
