              0               0               0        1538.462
  -2.031749e-05     0.001832814       0.9553248       -118.2256
  -5.160894e-06   -0.0004003936       0.1172372        99.24013
       73.56229        110.3434
  -3.610124e-25    4.927898e-22               1        1538.462
  -7.789449e-09    2.114062e-05    -0.009667958       -81.61908
  -3.759324e-09    1.816773e-05     -0.04209063        102.7538
       1538.462        2115.385
              0               0               0        2115.385
  -2.274619e-05     0.002009315       0.9321641       -114.5438
  -9.733333e-06   -0.0001343839       0.2410674        76.18442
       67.52617        101.2892
  -3.610124e-25    4.927898e-22               1        1538.462
  -6.899176e-09    1.954009e-05    -0.002595158       -118.2256
  -5.915923e-09    2.602941e-05     -0.05301113        99.24013
       1538.462        2115.385
