              0               0               0       -307.6923
   7.328495e-07    -0.004254443       0.4450589         116.894
   1.367684e-05    -0.002077288      -0.8949391        77.48779
       293.8054        311.0881
  -2.352002e-22    4.979552e-20               1       -307.6923
   2.747861e-07   -0.0001529002      0.01934702        123.3188
  -7.359422e-07    0.0004567571     -0.07282393        61.47099
      -307.6923               0
              0               0               0               0
  -5.761664e-06    -0.004021649       0.4555675        116.2327
   1.300083e-05    -0.002057512      -0.8903983        76.57784
       289.7501        306.7942
  -2.352002e-22    4.979552e-20               1       -307.6923
   2.836051e-07    -0.000162854      0.02110973         116.894
  -7.374193e-07    0.0004656416     -0.07641683        77.48779
      -307.6923               0
