              0               0               0        865.3846
  -4.073809e-08   -8.685996e-05       0.9707427        97.58805
   7.229497e-07   -0.0003728523      -0.2399224        65.65387
       235.1436        254.7389
   1.528862e-22   -5.598364e-20               1        865.3846
  -4.929832e-07    0.0002615059       0.3788582        116.5764
   -6.04237e-06     0.001768466      -0.2624679        60.81479
       865.3846        1019.231
              0               0               0        1019.231
   1.231201e-06   -2.000935e-05       0.9323378        154.4854
    3.17382e-06   -5.108609e-05      -0.3615685        49.86964
       318.7119        345.2712
   1.528862e-22   -5.598364e-20               1        865.3846
  -1.889986e-07    0.0001726916       0.3477383        97.58805
  -6.284199e-06     0.001946524      -0.2533244        65.65387
       865.3846        1019.231
