              0               0               0        4423.077
    1.45353e-06    0.0001979785       0.9773911       -7.792258
  -8.277607e-06      -0.0011694       0.2150395        66.43552
       108.4089        130.0907
  -1.362311e-27    6.195073e-40               1        4423.077
   1.295368e-09     7.21987e-07   -0.0003099649        13.50722
  -2.677332e-09   -9.413554e-07    -0.009137654        70.46386
       4423.077            5000
              0               0               0            5000
   4.552976e-07    0.0003050968       0.9743275       -4.479601
  -5.267515e-06    -0.001576007       0.2282677        60.68707
       93.33496        112.0019
  -1.362311e-27    6.195073e-40               1        4423.077
   1.478664e-09    7.459772e-07     0.004819409       -7.792258
  -3.369219e-09   -9.671601e-07    -0.008284603        66.43552
       4423.077            5000
