              0               0               0       -3269.231
  -0.0001049198     0.005931745       -0.995866        159.6185
  -8.537373e-05     0.007784213      -0.5572247        11.32523
       577.6924        605.1663
   5.379818e-28   -1.960258e-25               1       -3269.231
   1.594265e-09    1.045648e-06       0.0223555        134.5598
   7.102162e-09    2.699313e-07   -0.0005680669       0.1212853
      -3269.231       -2692.308
              0               0               0       -2692.308
  -8.194413e-05     0.005044057      -0.9762692        175.5061
  -7.283127e-05     0.007242119      -0.5897119        14.55728
       641.1143        671.5986
   5.379818e-28   -1.960258e-25               1       -3269.231
   1.619356e-09    6.584068e-07      0.02661971        159.6185
   8.037239e-09    1.357215e-06     0.002144098        11.32523
      -3269.231       -2692.308
