              0               0               0        307.6923
  -1.230449e-05   -5.279462e-05        1.000229        19.10776
  -1.116581e-05    -0.004161987    -0.004908936        135.0512
       169.6778        186.6456
  -1.867855e-21    6.194539e-19               1        307.6923
   2.681469e-07   -0.0001027037      -0.0116347        36.00411
  -1.132408e-06     0.000320232      0.04761167        133.7151
       307.6923        557.6923
              0               0               0        557.6923
  -1.692211e-05    0.0001312454       0.9999723        15.01527
  -6.769271e-06    -0.004919331      0.02886743        148.7487
       158.8614        174.7475
  -1.867855e-21    6.194539e-19               1        307.6923
   1.832952e-07   -8.223235e-05    -0.007267818        19.10776
  -1.091479e-06    0.0003046607       0.0468422        135.0512
       307.6923        557.6923
