              0               0               0       -2115.385
   2.391782e-08   -5.370001e-06      -0.9971368       -264.9184
    2.28685e-07   -6.981441e-05      0.07564657       -35.71924
         1173.6        1207.101
   7.503431e-27   -2.744361e-24               1       -2115.385
  -9.221538e-08    4.752818e-05     -0.02759997        -298.328
  -1.986439e-07     2.92472e-05      -0.0344167        -33.2548
      -2115.385       -1538.462
              0               0               0       -1538.462
  -4.863233e-09    3.147682e-06      -0.9987678       -279.6433
   1.989091e-07   -6.434129e-05     -0.04965926       -79.62916
       1280.104        1316.649
   7.503431e-27   -2.744361e-24               1       -2115.385
  -7.999437e-08    4.279356e-05     -0.02358641       -264.9184
  -1.783958e-07    2.632569e-05     -0.03192112       -35.71924
      -2115.385       -1538.462
