              0               0               0       -865.3846
   6.374478e-05    -0.003610763      -0.9115597        135.7304
   4.987737e-06     0.001193516      -0.3083627        5.058224
        470.257        491.6071
   1.194898e-23   -1.163587e-21               1       -865.3846
   -2.69619e-07    0.0003798748     -0.05997728         115.243
   4.054314e-06   -0.0006914822      -0.1031261        -0.93277
      -865.3846       -711.5385
              0               0               0       -711.5385
   2.360272e-05    -0.004279489      -0.5685997        124.6373
     2.4016e-05     0.002067753      -0.8139284       -5.463005
       367.5151        384.2628
   1.194898e-23   -1.163587e-21               1       -865.3846
   1.255708e-07    0.0002188195      -0.1087417        135.7304
    2.71494e-06   -0.0002410411     -0.09556367        5.058224
      -865.3846       -711.5385
