              0               0               0       -865.3846
   1.219562e-05    -0.000491173       0.9662623        93.37328
  -1.378165e-05    -0.001020684      -0.2464025        61.49113
       342.0454        363.4233
   1.194898e-23   -1.163587e-21               1       -865.3846
  -1.441547e-06    0.0003363167    -0.009472277        113.9246
  -1.701741e-06     0.001154386     -0.05340465        55.62246
      -865.3846       -711.5385
              0               0               0       -711.5385
  -1.135388e-05    -0.002474296       0.7376063        103.6026
  -3.398253e-06    -0.002658256      -0.6740319        80.54679
       267.2157        283.9167
   1.194898e-23   -1.163587e-21               1       -865.3846
  -2.324621e-06    0.0004720477      0.04888832        93.37328
  -2.482624e-06     0.001367315     -0.02773401        61.49113
      -865.3846       -711.5385
