              0               0               0        2692.308
   9.665246e-07   -8.725297e-05      -0.9890891        373.9698
  -6.509441e-06    0.0005954541      -0.1467916       -2.786123
      -552.3452       -521.6593
  -2.588391e-26    3.536769e-23               1        2692.308
   4.240079e-09   -2.652451e-06     -0.05352812        343.5645
  -1.729471e-08   -8.256208e-06      0.03351943       -6.917941
       2692.308        3269.231
              0               0               0        3269.231
   1.383561e-06   -0.0001140049      -0.9837387        339.9011
  -7.535976e-06     0.000629952      -0.1792229         10.9891
      -498.2217       -470.5427
  -2.588391e-26    3.536769e-23               1        2692.308
   3.511191e-09   -2.084834e-06     -0.05901817        373.9698
  -1.265254e-08    -1.14201e-05      0.03467684       -2.786123
       2692.308        3269.231
