              0               0               0       -2115.385
   7.881493e-07    5.596114e-06       0.9321685       -174.7761
  -2.011781e-06   -1.531684e-05       0.3620128        51.68413
       268.4376        301.9923
   7.503431e-27   -2.744361e-24               1       -2115.385
  -1.014766e-07     3.50107e-05     -0.01821626       -143.4614
  -1.112101e-07     1.80541e-05    -0.006669237        63.73811
      -2115.385       -1538.462
              0               0               0       -1538.462
   8.549326e-07    7.646549e-06       0.8796128       -194.0466
  -1.550406e-06   -1.526138e-05       0.4756726        27.23317
       292.7718        329.3683
   7.503431e-27   -2.744361e-24               1       -2115.385
   -1.04141e-07    3.820699e-05     -0.02078228       -174.7761
  -1.330266e-07    2.197836e-05     -0.01078486        51.68413
      -2115.385       -1538.462
