              0               0               0        711.5385
   7.519491e-06    -0.002344998      -0.7646574        100.6036
  -6.649092e-07     0.002940626      -0.6441928       -43.21734
       -253.025       -236.1567
  -5.749011e-22    2.093553e-19               1        711.5385
  -3.938834e-06     0.001757869       0.1521551        87.07398
  -9.882965e-06     0.001963562       0.2704863       -53.25026
       711.5385        865.3846
              0               0               0        865.3846
   4.263973e-07   -8.329101e-05       -0.966517        156.7113
  -9.245677e-07    0.0002931853      -0.2563785         3.76819
      -293.8844       -274.2921
  -5.749011e-22    2.093553e-19               1        711.5385
  -4.075679e-06     0.001858813       0.1751943        100.6036
  -9.841924e-06     0.002023985       0.2269686       -43.21734
       711.5385        865.3846
