              0               0               0               0
     1.6312e-05    -0.001511442      -0.9506806        52.95088
   6.139858e-06     0.004460143      -0.3104212       -75.67324
       477.2482        494.2939
   8.523301e-22   -1.673124e-19               1               0
   2.738373e-07   -0.0001552988      0.02092499        36.38748
  -4.269287e-07    0.0001069554     0.009628771       -79.63826
              0        307.6923
              0               0               0        307.6923
   1.964733e-05    -0.001653964      -0.9488738        52.58357
  -1.198443e-05      0.00493312      -0.3129519       -75.03747
       -203.649       -186.6783
   8.523301e-22   -1.673124e-19               1               0
   3.526019e-07   -0.0001662916      0.01659047        52.95088
  -3.277093e-07    6.935612e-05      0.01175163       -75.67324
              0        307.6923
