              0               0               0        3846.154
  -3.695582e-06    8.861476e-05      -0.9438747        353.5616
   1.476425e-05   -0.0005724228      -0.3227353        27.86122
       -495.767       -470.9786
  -1.362311e-27    2.357846e-24               1        3846.154
   3.233541e-09    -4.53264e-06     -0.06534276        330.1626
  -1.423405e-08    1.765396e-05     0.008157504        19.73429
       3846.154        4423.077
              0               0               0        4423.077
  -2.659058e-06    0.0002081829      -0.9802931        312.7284
   1.275205e-05    -0.001015203      -0.1957122         32.1665
      -432.9699       -411.3214
  -1.362311e-27    2.357846e-24               1        3846.154
  -7.149913e-11    6.957202e-08     -0.07079376        353.5616
  -2.640317e-10   -1.798417e-06     0.008587926        27.86122
       3846.154        4423.077
