              0               0               0       -1538.462
   6.845551e-07   -0.0002006535      -0.9817088       -61.05876
   1.759956e-06    0.0009918739      -0.1905204       -64.95927
       1060.834        1097.379
  -5.358563e-26    1.024235e-23               1       -1538.462
   3.222386e-07    -1.71425e-05    -0.001387714       -97.16986
   8.848456e-07   -0.0001311733     -0.08586913       -70.51126
      -1538.462       -1173.077
              0               0               0       -1173.077
   4.827532e-07   -0.0002688173      -0.9650404       -49.36928
   1.919531e-06    0.0009667399      -0.2619554       -68.18316
        1039.67        1075.477
  -5.358563e-26    1.024235e-23               1       -1538.462
   1.997258e-07   -4.850953e-06     0.007100155       -61.05876
    7.11367e-07   -0.0001013965     -0.06674625       -64.95927
      -1538.462       -1173.077
