              0               0               0        4423.077
  -8.202586e-07   -0.0002579309        0.993183        78.33271
   1.015817e-05    -0.002155742      -0.1156129        72.03023
       195.1361        216.8179
  -1.362311e-27    6.195073e-40               1        4423.077
   1.139815e-09    6.402917e-07      -0.0209782        99.73709
   2.035259e-09    9.220984e-08    -0.009041421        68.61366
       4423.077            5000
              0               0               0            5000
  -4.838376e-07   -0.0002913593       0.9946532        69.60376
   1.908402e-05    -0.002675979      -0.1025636        66.54185
       168.0029        186.6699
  -1.362311e-27    6.195073e-40               1        4423.077
   1.061641e-09    6.491138e-07     -0.01585804        78.33271
   1.129492e-09   -1.898886e-11    -0.009889131        72.03023
       4423.077            5000
