              0               0               0       -1019.231
  -1.845838e-06     0.000294076       0.9837874       -22.72199
   2.013783e-06    -0.001664647       0.1793669        82.77507
       339.8243        368.1429
   -3.17765e-24    3.030207e-22               1       -1019.231
   2.703289e-06   -0.0005581419       0.1834182        5.331493
   5.744684e-06   -0.0008047648       -0.108068        86.56527
      -1019.231       -865.3846
              0               0               0       -865.3846
  -2.710638e-06    6.934659e-05       0.9992903        8.814908
   6.661054e-06     -0.00233049      0.03644944         72.0308
       256.5341        277.9119
   -3.17765e-24    3.030207e-22               1       -1019.231
    2.80341e-06   -0.0005781189       0.2275783       -22.72199
   6.340443e-06   -0.0009654533     -0.07137611        82.77507
      -1019.231       -865.3846
