              0               0               0       -3269.231
    1.83299e-07   -1.200963e-05      -0.9863444        -244.693
   1.194268e-06   -7.380258e-05       0.1646674        2.511488
       989.8007        1017.275
   5.379818e-28   -1.960258e-25               1       -3269.231
  -4.624568e-09   -2.776535e-07     -0.05207902        -271.797
  -2.572104e-09   -2.543107e-05    -0.006512288          7.0046
      -3269.231       -2692.308
              0               0               0       -2692.308
   4.042177e-08   -6.781484e-06      -0.9910376       -272.6068
   4.556524e-07   -5.354469e-05       0.1335277       -9.744514
       1098.378        1128.862
   5.379818e-28   -1.960258e-25               1       -3269.231
  -3.435667e-09   -7.959845e-07     -0.04678124        -244.693
   1.681288e-09    -2.84651e-05    -0.005381161        2.511488
      -3269.231       -2692.308
