              0               0               0       -1538.462
   3.902353e-07   -0.0001051972       0.8877467       -258.6249
  -7.741924e-07    0.0002014279       0.4603377       -7.214981
       219.5789        256.1753
  -5.358563e-26    1.024235e-23               1       -1538.462
   1.214019e-06   -0.0001434864     -0.08221569       -226.2583
   1.355978e-06   -0.0002414104      -0.1394009        9.863583
      -1538.462       -1173.077
              0               0               0       -1173.077
   5.924766e-07   -0.0001331027       0.8510962       -246.6193
  -9.932059e-07    0.0002154276       0.5249871       -26.21809
       215.2238        251.0944
  -5.358563e-26    1.024235e-23               1       -1538.462
    1.27275e-06   -0.0001453178     -0.08396533       -258.6249
   1.560921e-06    -0.000273907      -0.1603193       -7.214981
      -1538.462       -1173.077
