              0               0               0       -1538.462
   4.886324e-06   -0.0001371467       0.9972273        84.11825
  -2.908993e-06   -0.0006618258     -0.01897399        102.9288
       585.5436        622.1401
  -5.358563e-26    1.024235e-23               1       -1538.462
   1.697985e-07   -4.844322e-05     -0.01730413        120.6691
  -5.864702e-07     8.66474e-05      0.06367353        101.2055
      -1538.462       -1173.077
              0               0               0       -1173.077
   5.279181e-06    -8.92179e-05       0.9959285        80.30845
  -2.784799e-06   -0.0006885833      0.05439654        106.4934
       573.9301        609.8008
  -5.358563e-26    1.024235e-23               1       -1538.462
   3.344478e-07    -6.84414e-05     -0.03007014        84.11825
  -4.239516e-07    5.676699e-05      0.04561404        102.9288
      -1538.462       -1173.077
