              0               0               0       -711.5385
   6.543035e-06    0.0006005994      -0.9844909       -8.502345
  -5.937125e-06     0.003356292       0.1765959       -57.78759
       518.2448        534.9926
  -4.461828e-23    4.351327e-21               1       -711.5385
  -1.116977e-06   -0.0005131576       0.2941535       -24.79115
   7.050797e-07    0.0007588923      -0.3764175        -53.9165
      -711.5385       -557.6923
              0               0               0       -557.6923
   1.784781e-05   -4.585823e-05       -1.000432        21.66915
   9.323092e-06     0.004795748    -0.009278494       -92.65261
       549.3556        566.8485
  -4.461828e-23    4.351327e-21               1       -711.5385
  -1.728009e-06   -0.0003145109       0.2854006       -8.502345
   1.912066e-07    0.0008587153      -0.3632583       -57.78759
      -711.5385       -557.6923
