              0               0               0        2115.385
   -1.85751e-06    0.0002294234       0.9878556       -48.36541
   -1.84773e-06    -0.000677639       0.1380037        89.39588
       135.0523        168.8154
   9.672408e-26   -1.320394e-22               1        2115.385
    -2.5152e-09    7.312698e-06    -0.004637258       -14.82232
  -4.367346e-10    3.434036e-06     -0.01577623        93.21173
       2115.385        2692.308
              0               0               0        2692.308
   -2.05199e-06    0.0002967895       0.9768614       -45.79557
  -2.506553e-06    -0.000710554       0.2014995        79.71943
       122.9573        153.6966
   9.672408e-26   -1.320394e-22               1        2115.385
  -2.889048e-09    7.560066e-06     0.001054391       -48.36541
  -1.840691e-09    7.591707e-06     -0.02053969        89.39588
       2115.385        2692.308
