              0               0               0       -1538.462
   1.201256e-09    3.015982e-06      -0.9989931       -243.1392
   3.623392e-08    -6.83138e-05     -0.04481139       -77.90206
       1243.559        1280.104
  -5.358563e-26    1.024235e-23               1       -1538.462
   1.031616e-06   -9.565824e-05     -0.05408526       -279.6433
   1.730242e-06   -0.0002824363      -0.1796773       -79.62916
      -1538.462       -1173.077
              0               0               0       -1173.077
  -2.653484e-08    9.460639e-06      -0.9927734       -226.3162
   2.398242e-07   -7.868602e-05      -0.1199278       -94.20037
       1218.702        1254.509
  -5.358563e-26    1.024235e-23               1       -1538.462
   8.869613e-07   -7.942608e-05      -0.0433515       -243.1392
      1.555e-06   -0.0002508879       -0.160537       -77.90206
      -1538.462       -1173.077
