              0               0               0       -711.5385
   7.409578e-06    0.0002283182      -0.9983734        8.119315
  -8.644286e-06     0.003790609      0.05690142       -59.76317
       501.4971        518.2448
  -4.461828e-23    4.351327e-21               1       -711.5385
  -1.728009e-06   -0.0003145109       0.2854006       -8.502345
   1.912066e-07    0.0008587153      -0.3632583       -57.78759
      -711.5385       -557.6923
              0               0               0       -557.6923
   1.603134e-05   -0.0008871611      -0.9841112        39.06975
  -1.803211e-06     0.004890378      -0.1787167       -91.01315
       531.8628        549.3556
  -4.461828e-23    4.351327e-21               1       -711.5385
  -2.230945e-06   -0.0001427795       0.2759473        8.119315
  -3.785523e-07    0.0009505004      -0.3403958       -59.76317
      -711.5385       -557.6923
