              0               0               0        3846.154
   1.552365e-06   -0.0001034341      -0.9978011        111.8532
  -7.829548e-06     0.001652672     -0.06395017       -24.56494
      -247.8835       -223.0951
  -1.362311e-27    2.357846e-24               1        3846.154
   1.174502e-09   -2.035528e-06      -0.0128393        87.07949
  -2.013286e-08    2.735719e-05      0.01075494       -25.25391
       3846.154        4423.077
              0               0               0        4423.077
   3.026256e-06   -0.0002874844      -0.9900158        100.7566
   -4.19743e-06     0.001973246      -0.1395817          -11.67
      -216.4849       -194.8364
  -1.362311e-27    2.357846e-24               1        3846.154
   2.049885e-09   -3.223406e-06     -0.01805679        111.8532
  -2.606082e-08    3.536494e-05      0.01062247       -24.56494
       3846.154        4423.077
