              0               0               0       -3846.154
   2.972322e-08   -8.709806e-05       0.9975988       -287.6324
  -1.375922e-05     0.001795322      0.05192814         28.1925
       24.48881        48.97762
  -1.415742e-28    4.900644e-26               1       -3846.154
   2.714011e-09   -7.665987e-07     -0.06073371       -263.2542
   -2.86724e-10   -2.977405e-06    -0.007232904        30.33875
      -3846.154       -3269.231
              0               0               0       -3269.231
   2.164161e-07   -0.0001048481       0.9965618       -325.3684
  -9.898551e-06     0.001551379      0.06830392         22.2727
       27.51093        55.02186
  -1.415742e-28    4.900644e-26               1       -3846.154
   2.974992e-09   -8.591108e-07     -0.06590355       -287.6324
  -6.503052e-10   -3.042203e-06    -0.008289425         28.1925
      -3846.154       -3269.231
