              0               0               0        2692.308
  -8.037047e-05     0.002430159      -0.8961387       -110.3279
   7.184318e-05    0.0005797978       0.3542603        1.470378
      -61.37169       -30.68584
  -2.588391e-26    3.536769e-23               1        2692.308
  -2.009958e-10   -6.541015e-07      0.02790345       -137.8606
  -3.992286e-09    9.307559e-06     -0.01008603        14.96297
       2692.308        3269.231
              0               0               0        3269.231
  -0.0001012648     0.002658908      -0.9072477        -96.7968
     8.3596e-05     0.000736186        0.325253       0.1360435
      -55.35796       -27.67898
  -2.588391e-26    3.536769e-23               1        2692.308
   2.136914e-10   -1.476573e-06      0.02423467       -110.3279
  -3.875721e-09    7.801742e-06    -0.005523856        1.470378
       2692.308        3269.231
