              0               0               0       -1538.462
   2.393203e-06   -0.0004392746      -0.9077119        112.4418
  -1.214455e-06    0.0006738217      -0.4133285       -8.838638
       878.1095        914.6544
  -5.358563e-26    1.024235e-23               1       -1538.462
  -1.922396e-07    2.805613e-05      0.03037778        78.79967
  -2.133144e-08    1.887333e-05      0.01213449       -23.10308
      -1538.462       -1173.077
              0               0               0       -1173.077
   2.182444e-06   -0.0004756183      -0.8746541        116.0951
  -2.891216e-07    0.0006095342      -0.4793798      -0.7935277
       860.6383        896.4447
  -5.358563e-26    1.024235e-23               1       -1538.462
  -2.710968e-07    3.314485e-05      0.03408077        112.4418
  -2.083162e-07    4.872864e-05      0.03202494       -8.838638
      -1538.462       -1173.077
