              0               0               0       -4423.077
  -1.588709e-07   -5.208872e-06      -0.9773442       -103.4655
   -1.01962e-06   -9.862337e-06       0.2114802       -3.021722
       686.9421        708.3827
   2.831483e-29     1.28761e-41               1       -4423.077
   3.477563e-09   -9.491005e-07     -0.03625591       -124.4243
    2.87429e-08   -1.131473e-05       -0.025242         1.49795
      -4423.077       -3846.154
              0               0               0       -3846.154
  -3.388277e-07    4.297683e-05      -0.9839207       -120.8495
  -1.583379e-06    0.0002161525       0.1788652       -15.81046
       784.4428        808.9983
   2.831483e-29     1.28761e-41               1       -4423.077
   2.824417e-09   -6.597806e-07     -0.03069162       -103.4655
   2.746124e-08   -1.069498e-05     -0.02513717       -3.021722
      -4423.077       -3846.154
