              0               0               0           -5000
   0.0002774832    -0.003878727       0.8854397         95.5639
  -0.0001435331     0.000243837      -0.3733782        43.19128
       332.3658        350.8306
   2.831483e-29   -4.900644e-26               1           -5000
   5.650875e-10   -1.361782e-06      0.02676426        112.3378
    1.70834e-09   -2.560724e-06     0.005690074        35.47646
          -5000       -4423.077
              0               0               0       -4423.077
   0.0002053029    -0.003302588        0.890002         107.803
  -0.0001027217    0.0002167443      -0.3628849         46.9491
       386.6898        408.1726
   2.831483e-29   -4.900644e-26               1           -5000
   9.544714e-10   -2.247125e-06      0.02219311         95.5639
   2.787118e-09   -4.960631e-06      0.00844779        43.19128
          -5000       -4423.077
