              0               0               0       -557.6923
  -6.403195e-06     0.004324202       0.4719818       -63.90229
  -1.722236e-05    -0.002299823       0.8819559        95.74184
       89.23349        107.0802
   8.804966e-23   -1.624172e-20               1       -557.6923
  -1.319055e-06    0.0007293393     -0.06532271       -54.13809
  -4.875338e-07    0.0002349704    -0.003155135        110.6514
      -557.6923       -307.6923
              0               0               0       -307.6923
  -1.252098e-05     0.003346624       0.7014344       -58.55293
  -7.417526e-06    -0.003298682       0.7128733        105.6338
       86.41335         103.696
   8.804966e-23   -1.624172e-20               1       -557.6923
  -9.408614e-07    0.0005339766     -0.05329287       -63.90229
  -1.000769e-06    0.0005141696     -0.02642647        95.74184
      -557.6923       -307.6923
