              0               0               0        2692.308
   3.330325e-07    0.0001186911       0.9698901        313.3931
   2.266863e-06    0.0004723761       -0.243453        25.11628
       491.8292        522.5685
  -2.588391e-26    3.536769e-23               1        2692.308
  -1.567749e-10    2.259554e-08     -0.05484853        343.3287
   4.408688e-09   -1.675545e-05      0.02677481        18.14489
       2692.308        3269.231
              0               0               0        3269.231
   4.860259e-07    0.0001073863       0.9775321        284.4726
   3.780603e-06    0.0004936938      -0.2108178        34.24558
       443.5206        471.2406
  -2.588391e-26    3.536769e-23               1        2692.308
  -1.041338e-10    2.664285e-07     -0.05024786        313.3931
   4.184558e-09   -1.528503e-05      0.02324961        25.11628
       2692.308        3269.231
