              0               0               0        711.5385
  -2.349942e-05    -0.002917346        0.682808         111.526
    9.17655e-07    -0.002813343      -0.7309104        88.56735
       269.6087        286.4592
  -5.749011e-22    2.093553e-19               1        711.5385
  -2.916378e-06     0.001521841       0.2923801        122.0909
   1.793319e-06   -0.0004316519      -0.1983668        75.45669
       711.5385        865.3846
              0               0               0        865.3846
   3.895788e-06    2.465262e-05       0.9695851        173.4348
   1.741896e-05    7.980793e-05       -0.244894        45.88923
       313.5249        333.1202
  -5.749011e-22    2.093553e-19               1        711.5385
  -2.237373e-06     0.001322675       0.2518741         111.526
   3.561926e-06   -0.0008073038      -0.2375131        88.56735
       711.5385        865.3846
