              0               0               0       -1019.231
  -3.707027e-07    2.928053e-05      -0.9995096       -89.66177
  -6.346236e-06    0.0005240284      0.03514554       -36.53757
       877.3297        905.5984
   -3.17765e-24    3.030207e-22               1       -1019.231
   9.945583e-07   -7.401954e-05       0.2660246       -117.9016
  -5.142864e-06   -0.0002670501       0.3604313       -35.26865
      -1019.231       -865.3846
              0               0               0       -865.3846
  -2.003935e-06     0.000123103      -0.9837833       -54.13792
  -1.008706e-05    0.0006267826       0.1794862       -8.884835
       662.4077        683.7578
   -3.17765e-24    3.030207e-22               1       -1019.231
   9.835599e-07   -4.392621e-05       0.2143834       -89.66177
  -5.309604e-06   -0.0001519554       0.3287916       -36.53757
      -1019.231       -865.3846
