              0               0               0        865.3846
   6.135981e-05   -0.0001770583      -0.9614402       -74.33245
  -1.868265e-05     0.001983147       0.3043538       -4.562545
      -58.77689       -39.18459
   1.528862e-22   -5.598364e-20               1        865.3846
   6.652252e-07   -0.0003245974      -0.0931648       -92.77577
   7.417801e-07   -0.0001167201      0.08560027        2.021186
       865.3846        1019.231
              0               0               0        1019.231
   3.829588e-05   -0.0001957506      -0.9451423       -87.88405
  -1.081803e-05     0.001322563       0.3558268        4.965528
      -79.54859       -53.03239
   1.528862e-22   -5.598364e-20               1        865.3846
   1.056228e-06   -0.0005040708     -0.03553556       -74.33245
   1.501616e-06   -0.0005203661       0.1064476       -4.562545
       865.3846        1019.231
