              0               0               0       -711.5385
   1.204281e-05    -0.001197071      -0.9521345        57.66644
  -1.118863e-05     0.003734953        -0.30444       -53.33583
       451.2538        468.0016
  -4.461828e-23    4.351327e-21               1       -711.5385
  -2.818274e-06    0.0001171107       0.2455501        41.44113
  -1.771509e-06     0.001160996       -0.276438       -57.43947
      -711.5385       -557.6923
              0               0               0       -557.6923
   1.097393e-05    -0.003107872       -0.764976        86.00157
   1.112657e-05     0.003702721      -0.6441825       -68.86384
       479.3841         496.877
  -4.461828e-23    4.351327e-21               1       -711.5385
  -2.839297e-06    0.0001944892       0.2214592        57.66644
   -2.50504e-06     0.001254704      -0.2346725       -53.33583
      -711.5385       -557.6923
