              0               0               0        1173.077
   4.923686e-07   -6.529582e-05      -0.9958559        452.7611
    6.56826e-06   -0.0008204332      0.08406555       -87.74338
      -672.6004       -638.9704
   2.578164e-24   -2.333275e-21               1        1173.077
   1.150489e-06    -0.001279398       0.4396558        419.2153
  -1.500014e-06     0.001564207      -0.3894617       -85.59432
       1173.077        1538.462
              0               0               0        1538.462
   3.294153e-07   -4.778764e-05      -0.9970211        501.8296
   5.796271e-06   -0.0007876144      0.07117712        -94.0775
      -734.3448       -697.6275
   2.578164e-24   -2.333275e-21               1        1173.077
   1.268313e-06    -0.001405685       0.4785814        452.7611
  -1.605561e-06      0.00167126      -0.4136362       -87.74338
       1173.077        1538.462
