              0               0               0       -1538.462
  -5.408118e-07   -0.0001784281       0.9387011       -391.9269
   5.170044e-07    0.0005055705       0.3445941       -67.46587
       73.19295        109.7894
  -5.358563e-26    1.024235e-23               1       -1538.462
   1.480586e-06   -0.0001558594     -0.09221052       -357.8392
   2.145041e-06   -0.0003670688      -0.2214534       -54.15249
      -1538.462       -1173.077
              0               0               0       -1173.077
  -6.643908e-07   -0.0002236872       0.9101687       -372.4451
   5.836829e-07    0.0005091289       0.4141338       -94.97404
       71.74126        107.6119
  -5.358563e-26    1.024235e-23               1       -1538.462
   1.568554e-06   -0.0001625303     -0.09670635       -391.9269
    2.32285e-06   -0.0003956049      -0.2408518       -67.46587
      -1538.462       -1173.077
