              0               0               0        1538.462
   2.387115e-08   -2.365569e-06      -0.9986176        245.2459
   1.805687e-07   -3.929235e-05      0.05269685       -79.59227
      -477.3241       -440.6069
  -3.610124e-25    4.927898e-22               1        1538.462
   2.695803e-09   -1.767492e-05     0.001626902        208.5775
   2.608432e-10    -2.69628e-05      0.07132885       -77.70142
       1538.462        2115.385
              0               0               0        2115.385
  -7.147368e-09    3.471592e-06      -0.9969126        237.7475
   2.442378e-07   -4.687678e-05     -0.07858178       -42.78192
      -438.1583       -404.4539
  -3.610124e-25    4.927898e-22               1        1538.462
   3.115379e-09   -1.855372e-05    -0.003330078        245.2459
   1.992589e-09   -3.428202e-05      0.08291948       -79.59227
       1538.462        2115.385
