              0               0               0        307.6923
  -1.610876e-05    0.0007671949       0.9881069        2.199591
   1.818862e-05    -0.005087848       0.1520402        133.8474
         152.71        169.6778
  -1.867855e-21    6.194539e-19               1        307.6923
   1.832952e-07   -8.223235e-05    -0.007267818        19.10776
  -1.091479e-06    0.0003046607       0.0468422        135.0512
       307.6923        557.6923
              0               0               0        557.6923
  -1.714154e-05    0.0009481841       0.9828244      -0.7685862
   9.163883e-07    -0.004963005       0.1858596        147.0449
       142.9752        158.8614
  -1.867855e-21    6.194539e-19               1        307.6923
   9.016332e-08   -5.875724e-05    -0.002818606        2.199591
  -1.057482e-06    0.0002882343      0.04682426        133.8474
       307.6923        557.6923
