              0               0               0        3846.154
  -9.002936e-07    0.0001533194        0.987264        279.8598
  -6.900026e-07    0.0009068616      -0.1591967        33.46948
       419.6381        444.3227
  -1.362311e-27    2.357846e-24               1        3846.154
   8.922896e-11   -1.440995e-07     -0.06038725        304.3098
   -8.43671e-11   -1.727247e-06     0.006853983        30.08197
       3846.154        4423.077
              0               0               0        4423.077
  -8.434362e-07    0.0001460411       0.9897979        247.9196
   1.468407e-06    0.0009496185      -0.1427863        36.07957
       368.5904        390.2722
  -1.362311e-27    2.357846e-24               1        3846.154
   1.879249e-10   -2.626191e-07     -0.05527402        279.8598
   8.291193e-11   -1.805061e-06      0.00553795        33.46948
       3846.154        4423.077
