              0               0               0       -2692.308
   4.848957e-07   -0.0001395736       0.9937064       -362.7602
  -9.056219e-06     0.001435101       0.1013688        9.379461
       30.53151        61.06301
  -2.010353e-27    7.350966e-25               1       -2692.308
   4.144049e-08   -1.259125e-05      -0.0639047       -332.5372
   4.677586e-08   -4.033158e-05     -0.03622692        13.55442
      -2692.308       -2115.385
              0               0               0       -2115.385
   8.274786e-07   -0.0002074185        0.985549       -398.5062
  -7.166414e-06     0.001285553       0.1625844        -18.4198
        33.5547         67.1094
  -2.010353e-27    7.350966e-25               1       -2692.308
   4.422298e-08   -1.319889e-05     -0.06906404       -362.7602
   4.941079e-08   -4.314078e-05     -0.03974237        9.379461
      -2692.308       -2115.385
