              0               0               0       -557.6923
   2.888861e-06     0.002932931      -0.8565841       -28.39242
  -2.310805e-05     0.004768567       0.5139673       -79.27897
       601.8343        619.3272
   8.804966e-23   -1.624172e-20               1       -557.6923
   1.547943e-06    -0.000789612      0.03724358        -42.4636
  -2.274922e-06     0.001220351     -0.09035143       -68.95271
      -557.6923       -307.6923
              0               0               0       -307.6923
   4.012361e-06      0.00291359      -0.8041593       -45.31158
  -1.762257e-05     0.003917765        0.594117        -62.1596
       587.5752        604.8554
   8.804966e-23   -1.624172e-20               1       -557.6923
    1.66609e-06   -0.0008515587      0.04108241       -28.39242
  -2.258802e-06     0.001217171     -0.09464012       -79.27897
      -557.6923       -307.6923
