              0               0               0       -711.5385
   1.126396e-05     0.002855064      -0.5954186       -106.2097
  -6.526817e-06     0.002229757       0.8027425        1.949036
       635.4791        652.2268
  -4.461828e-23    4.351327e-21               1       -711.5385
   2.811368e-06    -0.002162391       0.5264512       -115.3279
    3.54984e-06    -0.000521007      -0.1645595        15.98792
      -711.5385       -557.6923
              0               0               0       -557.6923
    1.78139e-06     0.004455131      -0.3189567       -71.07247
  -1.433161e-05     0.001493927       0.9481249       -25.70017
       671.8058        689.2987
  -4.461828e-23    4.351327e-21               1       -711.5385
   2.402531e-06    -0.001904201       0.4644812       -106.2097
   2.942088e-06   -0.0002221559      -0.2151773        1.949036
      -711.5385       -557.6923
