              0               0               0        3269.231
   4.060132e-07    0.0001425422       0.9838108       -13.81126
  -3.698286e-06    -0.000996204       0.1830631        78.44286
       138.6002        166.3202
   6.811555e-27   -9.431384e-24               1        3269.231
  -2.568886e-09    2.926153e-06    -0.000660819        13.57819
   3.539537e-09   -2.433634e-06     -0.01145111        82.67312
       3269.231        3846.154
              0               0               0        3846.154
   1.085548e-06    0.0001566936       0.9793207       -10.60833
  -6.690861e-06    -0.000967111        0.206045        71.54016
        123.423        148.1076
   6.811555e-27   -9.431384e-24               1        3269.231
  -2.792671e-09    3.020221e-06     0.004738811       -13.81126
   4.129495e-09   -2.283023e-06     -0.01202201        78.44286
       3269.231        3846.154
