              0               0               0               0
   8.396786e-06    -0.003688873       -0.590523        107.2794
   1.155601e-05     0.002687231      -0.8071493        -36.3213
       409.0653         426.111
   8.523301e-22   -1.673124e-19               1               0
   3.307401e-07   -0.0001260898     0.005817444        96.18326
   1.830191e-07   -8.241072e-05     0.009570733       -49.24171
              0        307.6923
              0               0               0        307.6923
   1.471916e-05    -0.003961981      -0.5892716        106.7399
   7.537401e-06     0.002843799       -0.807323        -35.9226
       -271.532       -254.5613
   8.523301e-22   -1.673124e-19               1               0
   2.097938e-07   -8.388783e-05     0.004196262        107.2794
   3.741671e-07   -0.0001328792     0.006757565        -36.3213
              0        307.6923
