              0               0               0       -557.6923
   1.689348e-05    0.0008907705      -0.9856524        4.250205
  -7.550014e-06     0.005285011        0.167063       -91.29751
       566.8485        584.3414
   8.804966e-23   -1.624172e-20               1       -557.6923
   1.822237e-06   -0.0009358136      0.04806111       -12.62869
  -2.171552e-06     0.001175686     -0.09597893       -86.79829
      -557.6923       -307.6923
              0               0               0       -307.6923
   1.168559e-05      0.00146681      -0.9514826       -14.68585
  -9.126775e-06     0.004521758       0.3083595       -77.87475
        553.015        570.2951
   8.804966e-23   -1.624172e-20               1       -557.6923
   1.991685e-06    -0.001028686      0.05694685        4.250205
  -1.992641e-06     0.001084314     -0.09284734       -91.29751
      -557.6923       -307.6923
