              0               0               0           -5000
  -6.179567e-07   -6.536294e-05      -0.9944152        41.52187
  -3.875359e-07     0.001192419      -0.1121456       -5.125815
       461.4869        479.9252
   2.831483e-29   -4.900644e-26               1           -5000
  -7.443955e-10    2.087177e-06    0.0008567527        23.16044
   6.561123e-09    -1.36754e-05    -0.003866457       -6.790631
          -5000       -4423.077
              0               0               0       -4423.077
   -4.73456e-07   -6.680706e-05      -0.9929166        45.53055
  -8.437055e-07     0.001035738        -0.12509       -10.09893
       536.8581        558.2987
   2.831483e-29   -4.900644e-26               1           -5000
  -9.178278e-10    2.447764e-06     0.005841689        41.52187
   4.744886e-09   -9.677413e-06    -0.004616225       -5.125815
          -5000       -4423.077
