              0               0               0        2692.308
   8.316341e-07   -8.047708e-05       0.9545035        166.2578
   2.475613e-06   -0.0002425976      -0.2984221        69.44117
       338.1326        368.8719
  -2.588391e-26    3.536769e-23               1        2692.308
  -7.130619e-12    1.815131e-06     -0.03285393        195.5467
   3.982649e-09   -9.855323e-06     0.007968346        60.11055
       2692.308        3269.231
              0               0               0        3269.231
    8.39271e-07   -7.593065e-05       0.9639868         150.514
   2.856504e-06   -0.0002615752      -0.2661141        69.70903
       304.9204        332.6405
  -2.588391e-26    3.536769e-23               1        2692.308
  -2.803098e-11     2.26204e-06     -0.02858492        166.2578
   3.824489e-09   -8.459525e-06      0.00407184        69.44117
       2692.308        3269.231
