              0               0               0        3269.231
  -1.307678e-06    9.132998e-06      -0.9838188        176.2353
   6.745624e-06   -4.078806e-05      -0.1790145       -17.17032
      -332.1478       -304.4688
   6.811555e-27   -9.431384e-24               1        3269.231
  -3.819432e-09    1.592023e-06     -0.02126935        148.9835
   4.503613e-08   -3.439369e-05     0.004775248       -22.01347
       3269.231        3846.154
              0               0               0        3846.154
  -1.587126e-06   -5.564074e-05       -0.985248        160.9902
   1.208813e-05    0.0002951962      -0.1714357       -18.17404
      -297.4602       -272.6718
   6.811555e-27   -9.431384e-24               1        3269.231
  -5.449287e-09    2.804707e-06     -0.02622922        176.2353
    5.04409e-08   -3.879946e-05     0.003855773       -17.17032
       3269.231        3846.154
