              0               0               0        1173.077
   0.0003653291    -0.002930774      -0.8267951       -158.9189
    -0.00018174     0.007237301       0.7794601        52.14187
      -33.63002               0
   2.578164e-24   -2.333275e-21               1        1173.077
  -3.085165e-07    0.0003514454      -0.1180595       -176.1434
   6.423887e-07   -0.0006635263       0.1561617        79.62792
       1173.077        1538.462
              0               0               0        1538.462
   0.0003101773    -0.002875435      -0.8400283       -168.0442
  -0.0001516825     0.006770045       0.7713118        49.49955
      -36.71724               0
   2.578164e-24   -2.333275e-21               1        1173.077
  -3.303909e-07    0.0003688637      -0.1156424       -158.9189
   5.171071e-07   -0.0005267343       0.1161921        52.14187
       1173.077        1538.462
