              0               0               0       -2692.308
   1.036242e-06   -3.084806e-06      -0.9913383        -302.823
   6.823742e-06   -1.187406e-05       0.1315334       -5.710878
       1128.862        1159.346
  -2.010353e-27    7.350966e-25               1       -2692.308
   3.888676e-08   -9.941668e-06     -0.06290337       -333.0167
   4.078109e-08   -3.450283e-05      -0.0401966       -1.518911
      -2692.308       -2115.385
              0               0               0       -2115.385
   5.031669e-07   -2.495131e-06       -0.997599        -331.745
   5.722059e-06   -1.587426e-05      0.06963823        -30.8925
       1240.601        1274.101
  -2.010353e-27    7.350966e-25               1       -2692.308
   3.504225e-08   -8.281714e-06     -0.05701712        -302.823
   3.610161e-08   -2.988279e-05     -0.03842413       -5.710878
      -2692.308       -2115.385
