              0               0               0        2692.308
   5.617847e-08    1.722901e-06      -0.9917137        343.5645
  -5.581067e-07   -3.788979e-06      -0.1286358       -6.917941
      -521.6593       -490.9735
  -2.588391e-26    3.536769e-23               1        2692.308
   4.645239e-09    -3.06808e-06     -0.04802214        313.1362
  -2.074972e-08   -5.556589e-06      0.03220516       -10.88493
       2692.308        3269.231
              0               0               0        3269.231
   1.196484e-07    8.817769e-07      -0.9868698        312.6143
  -8.703017e-07    4.187661e-06      -0.1616705        6.351206
      -470.5427       -442.8637
  -2.588391e-26    3.536769e-23               1        2692.308
   4.240079e-09   -2.652451e-06     -0.05352812        343.5645
  -1.729471e-08   -8.256208e-06      0.03351943       -6.917941
       2692.308        3269.231
