              0               0               0        2115.385
  -1.135592e-06    3.678901e-05       0.9996311        18.88467
  -2.573276e-06     -0.00105539      0.02109507        95.05463
       202.5785        236.3416
   9.672408e-26   -1.320394e-22               1        2115.385
  -1.679795e-09     6.28198e-06     -0.01514406        52.63352
   2.128014e-09   -4.598567e-06     -0.00531252        94.46473
       2115.385        2692.308
              0               0               0        2692.308
  -1.140231e-06    0.0001156757       0.9961529        14.96765
  -2.254702e-06    -0.001183001      0.08539825        88.83609
        184.436        215.1753
   9.672408e-26   -1.320394e-22               1        2115.385
  -2.126418e-09    6.915394e-06     -0.01007139        18.88467
   8.189933e-10   -5.470888e-07     -0.01073577        95.05463
       2115.385        2692.308
