              0               0               0        307.6923
   6.872064e-06     0.004058556       -0.461725       -77.29245
  -1.302758e-05      0.00211369       0.8875127       -21.55171
      -50.91226        -33.9415
  -1.867855e-21    6.194539e-19               1        307.6923
   4.192709e-08    7.194384e-06    -0.007716047       -83.92579
  -1.351568e-06    0.0002816763      0.06274401        -5.94487
       307.6923        557.6923
              0               0               0        557.6923
    3.65053e-05     0.004027241      -0.2354343       -81.95325
  -1.601774e-05     0.001096746       0.9731817       -13.26956
      -59.16726       -39.44484
  -1.867855e-21    6.194539e-19               1        307.6923
   3.975831e-07   -8.017501e-05      -0.0234484       -77.29245
  -1.017651e-06     0.000196094      0.04770825       -21.55171
       307.6923        557.6923
