              0               0               0       -711.5385
   -4.52839e-06    -0.001811726       0.8772808        76.50918
   9.070667e-06    -0.003309357       -0.479008        99.92475
       233.8137        250.5147
  -4.461828e-23    4.351327e-21               1       -711.5385
   2.729704e-06   -0.0008694805      0.05776297         90.6342
  -2.623115e-06    7.654786e-05       0.2484495        91.04405
      -711.5385       -557.6923
              0               0               0       -557.6923
  -1.554311e-05    -0.002452188       0.8542631        74.50475
   4.896331e-06    -0.004033715      -0.5202779        132.0694
       249.8538        267.7005
  -4.461828e-23    4.351327e-21               1       -711.5385
   3.495123e-06    -0.001136985      0.07916715        76.50918
  -2.274176e-06   -8.057586e-05        0.275163        99.92475
      -711.5385       -557.6923
