              0               0               0        3846.154
   7.298468e-07   -8.933803e-05      -0.9768807        258.3126
  -2.738116e-06    0.0003860822      -0.2134085       0.7616099
      -396.6136       -371.8252
  -1.362311e-27    2.357846e-24               1        3846.154
    6.47821e-09   -9.157086e-06     -0.04410392        234.0535
  -3.733663e-08    5.015355e-05     0.008240301       -4.332908
       3846.154        4423.077
              0               0               0        4423.077
  -5.186608e-08    2.148438e-05      -0.9806378        228.0249
   2.831024e-07   -0.0001073132      -0.1958311         14.2316
      -346.3759       -324.7274
  -1.362311e-27    2.357846e-24               1        3846.154
   6.538134e-09   -9.203375e-06     -0.04936519        258.3126
  -3.490645e-08    4.664081e-05     0.008058102       0.7616099
       3846.154        4423.077
