              0               0               0        711.5385
   1.008779e-05      0.00391099      -0.5453004       -76.88428
   -1.83553e-05     0.002593678       0.8392282       -20.97536
        -50.605       -33.73667
  -5.749011e-22    2.093553e-19               1        711.5385
   -3.30693e-07   -0.0001719698     -0.01676985       -84.92134
  -2.126042e-06    0.0008645301     -0.02944742       -6.169072
       711.5385        865.3846
              0               0               0        865.3846
   6.135981e-05   -0.0001770583      -0.9614402       -74.33245
  -1.868265e-05     0.001983147       0.3043538       -4.562545
      -58.77689       -39.18459
  -5.749011e-22    2.093553e-19               1        711.5385
  -1.074285e-06   -8.246904e-06      0.04328254       -76.88428
  -3.372421e-06     0.001036136      0.02709838       -20.97536
       711.5385        865.3846
