              0               0               0       -2115.385
  -6.274582e-05     0.004096222      -0.9372761        191.5162
  -6.550009e-05     0.006906549      -0.6481735        23.98466
       704.5944        738.0948
   7.503431e-27   -2.744361e-24               1       -2115.385
   2.835469e-08   -1.002619e-05      0.02156475        162.3551
    6.42246e-08   -3.775503e-06      0.01190426        7.559051
      -2115.385       -1538.462
              0               0               0       -1538.462
  -4.545629e-05     0.002906409      -0.8465988        206.1799
  -5.895644e-05     0.006600236      -0.7594827        47.32079
       768.4745        805.0195
   7.503431e-27   -2.744361e-24               1       -2115.385
   2.969708e-08   -1.339912e-05      0.02326291        191.5162
   8.264323e-08   -6.587983e-06      0.01674306        23.98466
      -2115.385       -1538.462
