              0               0               0        1173.077
  -8.463564e-07    0.0002495189      -0.9765025        84.31057
  -5.187672e-06     0.001089758       0.2154501       -57.36034
      -302.6702       -269.0402
   2.578164e-24   -2.333275e-21               1        1173.077
   7.650302e-08   -9.571119e-05      0.05680749        51.72078
  -3.601503e-07    0.0003949351      -0.1203024       -49.07957
       1173.077        1538.462
              0               0               0        1538.462
  -5.052805e-07    0.0002068496      -0.9793868        99.13777
   -3.69862e-06    0.0009611408       0.2021731       -66.41446
      -330.4552       -293.7379
   2.578164e-24   -2.333275e-21               1        1173.077
   1.553336e-07   -0.0001842799      0.08717479        84.31057
  -4.757338e-07    0.0005147586      -0.1493513       -57.36034
       1173.077        1538.462
