              0               0               0       -865.3846
   6.987648e-07    -0.000250944       0.9909404        51.45933
   7.282769e-06    -0.001751866      -0.1321991        69.80758
       299.2898        320.6676
   1.194898e-23   -1.163587e-21               1       -865.3846
   -3.12179e-06    0.0005713456       0.1036299        72.53563
  -3.190911e-06     0.001549276    -0.001677193        66.25198
      -865.3846       -711.5385
              0               0               0       -711.5385
   -4.52839e-06    -0.001811726       0.8772808        76.50918
   9.070667e-06    -0.003309357       -0.479008        99.92475
       233.8137        250.5147
   1.194898e-23   -1.163587e-21               1       -865.3846
  -3.855898e-06    0.0006426603       0.1552171        51.45933
  -3.878454e-06      0.00170948      0.02456245        69.80758
      -865.3846       -711.5385
