              0               0               0       -1538.462
   3.039206e-07    1.266958e-05      -0.9995464       -425.6591
  -6.213013e-06   -0.0001648382     -0.02419446       -86.29618
       1426.284        1462.829
  -5.358563e-26    1.024235e-23               1       -1538.462
   1.788814e-06   -0.0001833953      -0.1099953       -462.1557
    2.64968e-06   -0.0004492793      -0.2779788       -87.70376
      -1538.462       -1173.077
              0               0               0       -1173.077
   7.731689e-07    2.330532e-05      -0.9948997       -404.0121
   -6.43476e-06   -0.0001676199     -0.09960776       -115.9234
       1397.735        1433.541
  -5.358563e-26    1.024235e-23               1       -1538.462
   1.630569e-06   -0.0001645137     -0.09833561       -425.6591
   2.460632e-06   -0.0004148234      -0.2580239       -86.29618
      -1538.462       -1173.077
