              0               0               0           -5000
  -4.928154e-06    0.0002090486      -0.9739555       -194.5301
  -2.173212e-05    0.0009084385       0.2264181        26.57337
        701.185        719.6233
   2.831483e-29   -4.900644e-26               1           -5000
   1.711013e-09   -3.659942e-06     -0.06411817        -212.448
   1.005926e-08    -2.32694e-05     0.004787251        30.92075
          -5000       -4423.077
              0               0               0       -4423.077
  -3.258543e-06    0.0001605042      -0.9769298       -229.4246
  -1.542133e-05    0.0007444142       0.2132332         23.1072
       815.5855        837.0261
   2.831483e-29   -4.900644e-26               1           -5000
   3.255045e-09   -6.810096e-06     -0.05763836       -194.5301
   1.780841e-08   -3.921942e-05       0.0106912        26.57337
          -5000       -4423.077
