              0               0               0       -1019.231
   1.343147e-06    8.595534e-06       0.9177267       -129.4373
  -3.074914e-06    -2.10131e-05       0.3971985        45.64288
       226.5495        254.8682
   -3.17765e-24    3.030207e-22               1       -1019.231
   2.741873e-06   -0.0005484848       0.3388261       -103.4111
     7.8127e-06    -0.001417954      0.06285536        56.80434
      -1019.231       -865.3846
              0               0               0       -865.3846
   1.530786e-06    8.380034e-06       0.9656059       -74.94322
  -5.645856e-06   -3.325247e-05       0.2599695        55.87472
       171.0227        192.4006
   -3.17765e-24    3.030207e-22               1       -1019.231
   2.672449e-06   -0.0005250547       0.3717362       -129.4373
    8.06814e-06     -0.00154345       0.1129989        45.64288
      -1019.231       -865.3846
