              0               0               0       -3846.154
  -0.0007849688     0.008598941        1.041668        142.2747
   2.393555e-05    -0.005273465      -0.4667604        41.25701
       465.2874        489.7762
  -1.415742e-28    4.900644e-26               1       -3846.154
  -6.845986e-10    1.768167e-07      0.03039987        161.4127
   6.762968e-10    1.290652e-06      0.00380566        27.01562
      -3846.154       -3269.231
              0               0               0       -3269.231
  -0.0006292909     0.007878876        1.046946        157.2157
   2.169205e-05    -0.004893636      -0.4658228        45.83794
       522.7076        550.2186
  -1.415742e-28    4.900644e-26               1       -3846.154
  -9.725856e-10    5.942902e-07      0.02587869        142.2747
  -1.796568e-09    3.352762e-06     0.006603963        41.25701
      -3846.154       -3269.231
