              0               0               0           -5000
   1.730829e-05   -0.0006428049       0.9572599        60.80335
  -1.350928e-05    -0.001277514      -0.2794778        55.59192
       295.4363        313.9011
   2.831483e-29   -4.900644e-26               1           -5000
   1.068935e-09   -2.570697e-06      0.01731136        78.36874
   3.316023e-09   -6.283722e-06      0.01052413        49.91081
          -5000       -4423.077
              0               0               0       -4423.077
   1.176115e-05   -0.0005074198       0.9610858        67.17648
  -1.288006e-05    -0.001015077      -0.2664556        60.84807
       343.7243         365.207
   2.831483e-29   -4.900644e-26               1           -5000
   9.581731e-10   -2.389788e-06      0.01210656        60.80335
   3.203428e-09   -6.216174e-06      0.01163069        55.59192
          -5000       -4423.077
