              0               0               0       -1538.462
   3.148937e-08   -0.0001600029       0.9089101       -324.3273
  -2.837492e-07    0.0003483353       0.4170028       -39.45372
       146.3859        182.9824
  -5.358563e-26    1.024235e-23               1       -1538.462
   1.336519e-06   -0.0001480445     -0.08617859       -291.2772
    1.75933e-06   -0.0003052248      -0.1808432       -23.74027
      -1538.462       -1173.077
              0               0               0       -1173.077
   1.869715e-07   -0.0001849759       0.8743329       -308.4671
  -4.815752e-07    0.0003313933       0.4853155       -62.55776
       143.4825        179.3532
  -5.358563e-26    1.024235e-23               1       -1538.462
   1.405165e-06   -0.0001514195     -0.08886447       -324.3273
   1.954199e-06   -0.0003363362      -0.2012371       -39.45372
      -1538.462       -1173.077
