              0               0               0        557.6923
  -1.310786e-05     0.001572884       0.9427743       -16.09003
  -1.271002e-05    -0.004357265       0.3339227        142.8908
       127.0891        142.9752
   2.146718e-21   -7.814377e-19               1        557.6923
   2.101734e-06    8.865245e-06     -0.01529161      -0.7685862
  -1.886971e-06   -0.0005048776    -0.007336561        147.0449
       557.6923        711.5385
              0               0               0        711.5385
  -7.917885e-06      0.00107517        0.960183       -11.70521
  -1.290793e-05    -0.003799743       0.2815333         123.492
       134.8043        151.6549
   2.146718e-21   -7.814377e-19               1        557.6923
   2.153117e-06   -3.900946e-05     -0.01645863       -16.09003
  -1.591434e-06   -0.0005108159    -0.009837635        142.8908
       557.6923        711.5385
