              0               0               0       -2692.308
    3.50387e-07   -4.649405e-05      -0.9981685       -30.52281
   5.627546e-06    0.0006814098     -0.06137499       -34.76071
       854.5039        884.9881
  -2.010353e-27    7.350966e-25               1       -2692.308
   8.430901e-09    1.602031e-06    -0.009710822       -60.98448
   1.175037e-08   -6.675895e-06     -0.02015982       -35.83904
      -2692.308       -2115.385
              0               0               0       -2115.385
  -1.517101e-08   -8.012365e-05      -0.9924215       -31.09771
    4.62758e-06    0.0006177018       -0.123276       -44.17278
       939.0973        972.5977
  -2.010353e-27    7.350966e-25               1       -2692.308
   5.668743e-09    2.329062e-06    -0.004226959       -30.52281
   9.250803e-09   -4.455225e-06     -0.01682297       -34.76071
      -2692.308       -2115.385
