              0               0               0        1538.462
   1.855338e-05     1.61756e-05      -0.8863092       -107.2567
  -8.807869e-06    0.0009994275       0.4838921        8.598384
      -110.1517       -73.43448
  -3.610124e-25    4.927898e-22               1        1538.462
  -1.989545e-09    3.274422e-06      0.02339247       -138.8593
  -1.035121e-08    3.480569e-05     -0.04959368        27.27695
       1538.462        2115.385
              0               0               0        2115.385
   2.404597e-05    -0.000152293      -0.9423852        -93.6409
  -5.473329e-06     0.001016808       0.3628141       -4.911708
      -101.1135       -67.40898
  -3.610124e-25    4.927898e-22               1        1538.462
   -1.88002e-09     5.60936e-07      0.02390286       -107.2567
  -9.542745e-09    2.947604e-05     -0.03724669        8.598384
       1538.462        2115.385
