              0               0               0        557.6923
  -9.545557e-06    -0.003665708       0.6865812        86.33088
   1.030118e-05    -0.003334146      -0.7272656        119.4994
       238.2921        254.1782
   2.146718e-21   -7.814377e-19               1        557.6923
   2.144116e-06    0.0003330836    -0.002858061        96.27462
  -3.146521e-07   -0.0006620798     -0.01145413        107.1458
       557.6923        711.5385
              0               0               0        711.5385
  -1.025952e-05     -0.00239871       0.7723864        99.24104
   1.331063e-06     -0.00288063      -0.6349638        100.0784
       252.7581        269.6087
   2.146718e-21   -7.814377e-19               1        557.6923
   1.968176e-06     0.000279023    -0.005594637        86.33088
  -1.049547e-06   -0.0006138179     -0.00696154        119.4994
       557.6923        711.5385
