              0               0               0       -3846.154
   4.492351e-05    -0.002959542       -0.912326        121.7165
   7.337197e-06    0.0008350448      -0.3114294       0.8732705
       538.8873        563.4428
  -1.415742e-28    4.900644e-26               1       -3846.154
    1.43707e-09   -1.286813e-06      0.01784571        98.19443
  -2.724647e-09    4.077978e-06    -0.004734826         -6.1619
      -3846.154       -3269.231
              0               0               0       -3269.231
   3.669179e-05    -0.002715918      -0.9075147        134.5598
    5.99122e-06    0.0007475684      -0.3228235       0.1212853
       605.1663        632.6402
  -1.415742e-28    4.900644e-26               1       -3846.154
   1.530597e-09   -1.603462e-06      0.02267731        121.7165
   -1.74151e-09    3.284083e-06     -0.00261846       0.8732705
      -3846.154       -3269.231
