              0               0               0        3269.231
   0.0005925309     -0.00574981      -0.9928007       -122.0188
  -0.0001305255     0.007677742        0.558142        11.47543
      -27.67898               0
   6.811555e-27   -9.431384e-24               1        3269.231
  -1.802002e-10    3.143747e-07      0.03014488       -141.3386
  -2.535725e-09    5.185713e-06    -0.007136655        30.03848
       3269.231        3846.154
              0               0               0        3846.154
   0.0007420131    -0.006345682      -0.9977743       -106.5469
  -0.0001772833     0.009219278       0.5543541        10.45414
      -24.78835               0
   6.811555e-27   -9.431384e-24               1        3269.231
   1.345844e-09   -1.001979e-06      0.02694802       -122.0188
   5.387637e-10    2.397832e-06    -0.003332916        11.47543
       3269.231        3846.154
