              0               0               0        4423.077
   -2.92243e-06    0.0001458583        0.997531        35.04392
  -3.792428e-06    -0.002004024      0.07217682        72.92446
       151.7725        173.4543
  -1.362311e-27    6.195073e-40               1        4423.077
   1.023515e-09    6.409873e-07     -0.01066243        56.71096
  -2.804932e-10   -3.829915e-07     -0.01004815        73.50863
       4423.077            5000
              0               0               0            5000
  -3.525141e-06    0.0002021883       0.9961394        32.32699
  -6.754604e-06    -0.002243075      0.08712535        66.72947
       130.6689        149.3359
  -1.362311e-27    6.195073e-40               1        4423.077
   1.123217e-09     6.76436e-07    -0.005473446        35.04392
  -1.701346e-09   -7.670422e-07    -0.009729181        72.92446
       4423.077            5000
