              0               0               0        557.6923
  -2.173959e-05     0.005001366        0.302193       -80.07622
  -1.155006e-05     -0.00152311       0.9529545        76.90989
       31.77228        47.65841
   2.146718e-21   -7.814377e-19               1        557.6923
   1.193363e-06   -0.0002186188     -0.01537893       -74.10051
   1.269604e-06   -0.0007343456     -0.03424843        91.61797
       557.6923        711.5385
              0               0               0        711.5385
  -3.128772e-05     0.004869992       0.3948341       -85.18174
  -6.332852e-06    -0.001871683       0.9158376        58.72045
       33.70108        50.55163
   2.146718e-21   -7.814377e-19               1        557.6923
   5.795027e-07   -0.0002231174     -0.01257614       -80.07622
   2.096717e-06    -0.000817652     -0.04206522        76.90989
       557.6923        711.5385
