              0               0               0        3846.154
   7.036053e-07    5.923791e-05       -0.996379        37.57154
   3.767948e-07    0.0007471423      0.08570569       -22.90896
      -173.5184       -148.7301
  -1.362311e-27    2.357846e-24               1        3846.154
   4.760262e-11   -4.780982e-07     0.002711475        12.92007
  -9.165245e-09      1.2707e-05     0.008960764       -20.31962
       3846.154        4423.077
              0               0               0        4423.077
   1.067635e-06    3.283156e-05      -0.9992308        35.94001
   3.740531e-07    0.0009895175      0.04017071       -14.01767
      -151.5395        -129.891
  -1.362311e-27    2.357846e-24               1        3846.154
   3.114779e-10   -8.508003e-07    -0.002440804        37.57154
  -1.217954e-08    1.667272e-05     0.009846529       -22.90896
       3846.154        4423.077
