              0               0               0        711.5385
  -2.230132e-05     -0.00337409       0.4384415        130.5061
   3.760592e-06    -0.001620124       -0.898866        60.87887
       303.3098        320.1603
  -5.749011e-22    2.093553e-19               1        711.5385
  -5.563021e-06     0.002216595       0.4023662        136.8293
  -2.867448e-06    0.0006204023      -0.1020124        45.29046
       711.5385        865.3846
              0               0               0        865.3846
   3.918407e-06    6.894797e-05       0.9813607        211.6528
   3.004887e-05    0.0003827882      -0.1925708        37.23942
       352.7155        372.3108
  -5.749011e-22    2.093553e-19               1        711.5385
  -4.037801e-06      0.00182339       0.3425013        130.5061
   -3.96624e-07    5.387086e-05      -0.1525567        60.87887
       711.5385        865.3846
