              0               0               0               0
  -8.474739e-06     0.002598524       0.8093078       -44.30319
  -1.156716e-05    -0.003581483       0.5875889        114.9251
       102.2647        119.3089
   8.523301e-22   -1.673124e-19               1               0
  -8.503301e-08    7.232447e-05     -0.01475318       -29.79633
   3.534847e-07   -4.992179e-05     -0.01944846        123.8424
              0        307.6923
              0               0               0        307.6923
   5.519686e-06     0.002158057       0.8106393       -44.36858
  -3.202362e-05    -0.003005573       0.5864998        114.4993
       101.8067        118.7744
   8.523301e-22   -1.673124e-19               1               0
  -3.479177e-08    5.044407e-05     -0.01243987       -44.30319
   3.346423e-07   -2.563329e-05     -0.02517891        114.9251
              0        307.6923
