              0               0               0        2692.308
   0.0004779262    -0.004968548      -0.9740313       -137.8606
   -0.000124764     0.007193503       0.5927906        14.96297
      -30.68584               0
  -2.588391e-26    3.536769e-23               1        2692.308
  -3.423281e-11    3.736238e-07      0.02974796       -158.6187
   -2.29153e-09    9.151822e-06     -0.01540831        36.32182
       2692.308        3269.231
              0               0               0        3269.231
   0.0005925309     -0.00574981      -0.9928007       -122.0188
  -0.0001305255     0.007677742        0.558142        11.47543
      -27.67898               0
  -2.588391e-26    3.536769e-23               1        2692.308
  -2.009958e-10   -6.541015e-07      0.02790345       -137.8606
  -3.992286e-09    9.307559e-06     -0.01008603        14.96297
       2692.308        3269.231
