              0               0               0        3846.154
  -2.555546e-08    0.0001180284       0.9748324        231.4405
   9.256208e-07    0.0005126632      -0.2229309        43.06228
       370.2689        394.9535
  -1.362311e-27    2.357846e-24               1        3846.154
   3.081827e-10   -4.018172e-07     -0.05022651        255.5754
    3.56337e-10   -2.021396e-06     0.003985301        37.88562
       3846.154        4423.077
              0               0               0        4423.077
    1.46905e-07    0.0001133727       0.9788427        205.2462
   2.336932e-06    0.0005334336      -0.2046646        43.74336
       325.2268        346.9086
  -1.362311e-27    2.357846e-24               1        3846.154
   4.516371e-10   -5.714135e-07     -0.04522424        231.4405
   6.992435e-10   -2.354412e-06      0.00230613        43.06228
       3846.154        4423.077
