              0               0               0       -1538.462
   1.445059e-06   -0.0004957326       0.9880449       -462.1557
  -5.803283e-06     0.001779849       0.1773175       -87.70376
              0        36.59648
  -5.358563e-26    1.024235e-23               1       -1538.462
   1.667622e-06   -0.0001711026      -0.1023062       -426.5899
   2.491662e-06   -0.0004228751      -0.2597001       -79.11525
      -1538.462       -1173.077
              0               0               0       -1173.077
   1.835035e-06   -0.0006186304       0.9705976       -439.5706
  -5.589368e-06     0.001712094       0.2547804       -120.0003
              0        35.87063
  -5.358563e-26    1.024235e-23               1       -1538.462
   1.788814e-06   -0.0001833953      -0.1099953       -462.1557
    2.64968e-06   -0.0004492793      -0.2779788       -87.70376
      -1538.462       -1173.077
