              0               0               0       -307.6923
   1.353973e-05    -0.003319696       -0.703493        96.99066
   4.355418e-06     0.003317333      -0.7105393       -50.73832
        432.054        449.3342
  -2.352002e-22    4.979552e-20               1       -307.6923
  -6.160702e-07     0.000414818     -0.07161022         83.9128
  -1.545074e-07    0.0001140703     -0.01482845        -62.0035
      -307.6923               0
              0               0               0               0
   1.083604e-05    -0.003259485      -0.7089627        96.18326
   9.476323e-06     0.003278172      -0.7054647       -49.24171
        426.111        443.1567
  -2.352002e-22    4.979552e-20               1       -307.6923
  -4.989553e-07    0.0003344843     -0.05830392        96.99066
    -3.1755e-07    0.0002107123     -0.02990668       -50.73832
      -307.6923               0
