              0               0               0       -1019.231
   -2.06376e-08   -7.097948e-06       0.9996883        33.60846
   5.300507e-06    -0.001355921     0.009236839        87.95102
       396.4616        424.7803
   -3.17765e-24    3.030207e-22               1       -1019.231
   2.252855e-06   -0.0004684338       0.0877973        61.91216
   4.375785e-06    -0.000470317      -0.1676709        87.24559
      -1019.231       -865.3846
              0               0               0       -865.3846
   6.987648e-07    -0.000250944       0.9909404        51.45933
   7.282769e-06    -0.001751866      -0.1321991        69.80758
       299.2898        320.6676
   -3.17765e-24    3.030207e-22               1       -1019.231
   2.521665e-06   -0.0005211852       0.1365286        33.60846
   5.091213e-06    -0.000640311       -0.139925        87.95102
      -1019.231       -865.3846
