              0               0               0       -2692.308
  -1.288158e-06   -2.612321e-05       -0.986639       -363.1058
  -8.876637e-06   -0.0001996168       0.1624097        3.366059
        1189.83        1220.314
  -2.010353e-27    7.350966e-25               1       -2692.308
   4.750586e-08   -1.416809e-05     -0.07453988       -393.2435
   5.205469e-08   -4.623172e-05      -0.0427181        7.880026
      -2692.308       -2115.385
              0               0               0       -2115.385
  -5.652176e-07   -8.731298e-06      -0.9947541        -398.485
  -7.282806e-06   -0.0001727313       0.1007867       -25.06583
       1307.602        1341.102
  -2.010353e-27    7.350966e-25               1       -2692.308
   4.309351e-08     -1.1974e-05     -0.06875916       -363.1058
     4.6142e-08   -4.004894e-05      -0.0415347        3.366059
      -2692.308       -2115.385
