              0               0               0        3846.154
   -9.86793e-06    0.0003936472      -0.9763885       -35.99218
   4.892125e-06     0.001005904       0.2034564        -12.3109
      -99.15339       -74.36504
  -1.362311e-27    2.357846e-24               1        3846.154
  -6.078012e-10    4.890496e-07      0.01780789       -60.10366
   -3.49783e-09    5.356302e-06     0.004710929       -6.574942
       3846.154        4423.077
              0               0               0        4423.077
  -1.344632e-05    0.0004316049      -0.9818826       -28.59339
   6.588957e-06     0.001209245       0.1744579       -7.156292
      -86.59398       -64.94548
  -1.362311e-27    2.357846e-24               1        3846.154
   -3.98018e-10    1.641033e-07      0.01286238       -35.99218
  -4.961676e-09    7.180079e-06     0.006443737        -12.3109
       3846.154        4423.077
