              0               0               0       -4423.077
   2.330747e-06    1.058665e-05      -0.9805981       -208.4279
   1.069887e-05    5.624482e-05       0.1960666        18.77211
       794.1449        815.5855
   2.831483e-29     1.28761e-41               1       -4423.077
   3.255045e-09   -1.176364e-06     -0.06224593       -229.4246
   1.780841e-08   -8.397178e-06     -0.01677992         23.1072
      -4423.077       -3846.154
              0               0               0       -3846.154
   4.557851e-06    2.119063e-05       -0.975995       -241.2164
   1.633267e-05      0.00013918       0.2184434        8.361436
       907.2205         931.776
   2.831483e-29     1.28761e-41               1       -4423.077
   3.874293e-09   -1.328599e-06     -0.05735646       -208.4279
   2.259286e-08   -9.875149e-06     -0.01986778        18.77211
      -4423.077       -3846.154
