              0               0               0       -865.3846
   3.181349e-06    0.0001065548       0.9680629       -54.28186
  -1.503523e-05   -0.0003953411       0.2508071        61.36195
       192.4006        213.7784
   1.194898e-23   -1.163587e-21               1       -865.3846
   -6.01215e-06    0.0007250178        0.328797       -33.50699
  -6.686538e-06     0.002144481       0.1480004         66.3961
      -865.3846       -711.5385
              0               0               0       -711.5385
  -5.401592e-06    0.0003977784       0.9907959       -4.287916
  -2.166133e-05    -0.002874056       0.1373421        114.1833
       150.3088        167.0098
   1.194898e-23   -1.163587e-21               1       -865.3846
  -6.341599e-06    0.0007169951       0.3647507       -54.28186
  -7.375674e-06     0.002187907       0.1813096        61.36195
      -865.3846       -711.5385
