              0               0               0       -865.3846
    0.001018009     -0.05716003      0.04243413        170.5591
   0.0002012225    -0.003111873       -0.684863        27.57202
       427.5568        448.9069
   1.194898e-23   -1.163587e-21               1       -865.3846
    7.31722e-07   -6.061589e-06       -0.159872        155.3172
   1.386453e-06    0.0001906366     -0.09208574        13.48994
      -865.3846       -711.5385
              0               0               0       -711.5385
   0.0005186105     -0.02731196     0.002532307        138.4245
   7.109709e-05   -5.936947e-05      -0.9652266        24.73159
       334.0196        350.7673
   1.194898e-23   -1.163587e-21               1       -865.3846
      1.897e-06   -0.0003228411       -0.204106        170.5591
   5.630933e-07    0.0004977027      -0.1083601        27.57202
      -865.3846       -711.5385
