              0               0               0       -1538.462
   1.017833e-06   -0.0001256024      -0.9936318       -97.16986
  -7.046858e-06     0.001184827      -0.1109729       -70.51126
       1097.379        1133.924
  -5.358563e-26    1.024235e-23               1       -1538.462
   4.575496e-07   -3.163523e-05     -0.01129121       -133.6002
    1.05253e-06    -0.000160807      -0.1046332       -73.32832
      -1538.462       -1173.077
              0               0               0       -1173.077
   1.578269e-06   -0.0002169604      -0.9824344       -84.24641
  -6.905228e-06     0.001172935      -0.1853414       -76.23526
       1075.477        1111.283
  -5.358563e-26    1.024235e-23               1       -1538.462
   3.222386e-07    -1.71425e-05    -0.001387714       -97.16986
   8.848456e-07   -0.0001311733     -0.08586913       -70.51126
      -1538.462       -1173.077
