              0               0               0        3269.231
    6.01433e-07    5.208895e-05      -0.9973144        38.66338
   2.117191e-07    0.0007529756      0.07378366        -26.2119
      -193.7529       -166.0739
   6.811555e-27   -9.431384e-24               1        3269.231
    4.43842e-10   -1.246286e-06     0.003706312         11.1114
   1.212554e-08   -8.279512e-06     0.006406446       -23.58828
       3269.231        3846.154
              0               0               0        3846.154
   7.036053e-07    5.923791e-05       -0.996379        37.57154
   3.767948e-07    0.0007471423      0.08570569       -22.90896
      -173.5184       -148.7301
   6.811555e-27   -9.431384e-24               1        3269.231
   1.725412e-10   -1.149429e-06    -0.001286825        38.66338
   1.651679e-08   -1.191403e-05     0.007101132        -26.2119
       3269.231        3846.154
