              0               0               0       -1019.231
   4.476546e-09   -3.078262e-06      -0.9988909       -146.1368
   9.470941e-08   -7.105071e-05      0.04714942       -33.89417
       933.8671        962.1358
   -3.17765e-24    3.030207e-22               1       -1019.231
   1.203326e-06   -0.0001523592       0.3677672       -174.3765
  -4.349927e-06   -0.0005405115       0.4194068       -32.61595
      -1019.231       -865.3846
              0               0               0       -865.3846
  -4.132086e-07   -7.427296e-06      -0.9815378       -96.05803
  -2.187357e-06   -3.875854e-05       0.1912166      -0.7680516
       705.1079         726.458
   -3.17765e-24    3.030207e-22               1       -1019.231
   1.067224e-06    -0.000110378       0.3172332       -146.1368
  -4.817695e-06   -0.0003971801       0.3904526       -33.89417
      -1019.231       -865.3846
