              0               0               0       -307.6923
   1.106975e-05     0.003121592      -0.6998705       -58.31685
  -5.198279e-06     0.003004205       0.7137296       -50.81425
       604.8554        622.1355
  -2.352002e-22    4.979552e-20               1       -307.6923
  -4.485238e-07    0.0003543685     -0.06340892       -69.42147
   6.198764e-07    -0.000483482      0.09434874       -37.61067
      -307.6923               0
              0               0               0               0
   9.010415e-06     0.003189437      -0.7089827       -57.33423
  -9.591834e-06     0.003205175       0.7047577       -49.19323
       596.5682        613.6139
  -2.352002e-22    4.979552e-20               1       -307.6923
  -4.620388e-07     0.000371345     -0.06732316       -58.31685
   6.493945e-07     -0.00048584      0.09327644       -50.81425
      -307.6923               0
