              0               0               0           -5000
   2.436927e-06    8.442028e-06      -0.9999454       -13.69274
   1.682718e-05     0.001132534      0.01629027       -7.745838
       516.8018        535.2402
   2.831483e-29   -4.900644e-26               1           -5000
   1.437083e-10    1.777756e-07     -0.01391856       -32.11189
   1.508094e-08   -3.202565e-05     0.002395213       -6.954963
          -5000       -4423.077
              0               0               0       -4423.077
   1.248676e-06    1.971473e-06      -0.9999791       -18.62816
   8.226455e-06     0.001059157     0.004360968       -13.99812
       601.1798        622.6204
   2.831483e-29   -4.900644e-26               1           -5000
  -2.585884e-10    1.046814e-06    -0.009072603       -13.69274
   1.155109e-08   -2.445301e-05   -0.0005744489       -7.745838
          -5000       -4423.077
