              0               0               0        3846.154
   2.751633e-07    3.877538e-05      -0.9988086        62.30234
  -1.609985e-08    0.0007483396      0.04863516       -24.57412
      -198.3068       -173.5184
  -1.362311e-27    2.357846e-24               1        3846.154
   3.114779e-10   -8.508003e-07    -0.002440804        37.57154
  -1.217954e-08    1.667272e-05     0.009846529       -22.90896
       3846.154        4423.077
              0               0               0        4423.077
   4.218099e-07    5.436912e-06       -1.000059        57.58296
   3.068045e-07    0.0009695919    -0.002241058       -14.42667
       -173.188       -151.5395
  -1.362311e-27    2.357846e-24               1        3846.154
   6.667205e-10   -1.340539e-06    -0.007628771        62.30234
  -1.573165e-08    2.140478e-05      0.01047613       -24.57412
       3846.154        4423.077
