              0               0               0        4423.077
   1.788054e-06   -0.0001372047        -0.97722        270.4591
  -8.265637e-06    0.0006411725      -0.2119066        22.82465
      -389.6729       -368.0244
  -1.362311e-27    6.195073e-40               1        4423.077
   6.177555e-09    2.022374e-06     -0.05848785        249.2576
  -3.051075e-08   -1.239133e-05      0.02417628        18.45382
       4423.077            5000
              0               0               0            5000
   3.808446e-06   -0.0002120444      -0.9742164        235.5825
  -1.632129e-05    0.0009198623       -0.225296        26.40421
      -335.5218       -316.8817
  -1.362311e-27    6.195073e-40               1        4423.077
   5.405078e-09    1.801303e-06     -0.06329107        270.4591
  -2.451599e-08   -1.050339e-05      0.02042412        22.82465
       4423.077            5000
