              0               0               0        2692.308
  -4.088137e-07   -7.402089e-05      -0.9914256        161.2014
   1.034192e-05    0.0004785788      -0.1317501       -32.23534
      -337.5443       -306.8584
  -2.588391e-26    3.536769e-23               1        2692.308
   2.203841e-09   -3.530479e-06     -0.01448785        130.6971
  -1.691623e-08     1.49959e-06      0.02140659       -35.52874
       2692.308        3269.231
              0               0               0        3269.231
  -9.474982e-07   -9.945258e-05      -0.9863188        148.9835
   1.301118e-05     0.000519348      -0.1657685       -22.01347
      -304.4688       -276.7898
  -2.588391e-26    3.536769e-23               1        2692.308
   3.034711e-09   -3.660362e-06     -0.02007607        161.2014
  -2.073018e-08    1.485469e-06      0.02376076       -32.23534
       2692.308        3269.231
