              0               0               0           -5000
   3.645912e-06    7.375238e-06       -0.977946       -176.5238
   1.569081e-05    4.050253e-05       0.2089212        22.60909
       682.7466         701.185
   2.831483e-29   -4.900644e-26               1           -5000
   3.255045e-09   -6.810096e-06     -0.05763836       -194.5301
   1.780841e-08   -3.921942e-05       0.0106912        26.57337
          -5000       -4423.077
              0               0               0       -4423.077
   2.330747e-06    1.058665e-05      -0.9805981       -208.4279
   1.069887e-05    5.624482e-05       0.1960666        18.77211
       794.1449        815.5855
   2.831483e-29   -4.900644e-26               1           -5000
   3.874293e-09   -8.034105e-06      -0.0519549       -176.5238
   2.259286e-08   -4.897817e-05      0.01408606        22.60909
          -5000       -4423.077
