              0               0               0        1019.231
  -1.878882e-06   -9.081129e-05       0.9985698        26.74381
  -8.093233e-07    -0.001655688     -0.05358794        83.53531
       185.9153        212.4746
  -3.664376e-23    1.457923e-20               1        1019.231
  -1.877374e-06    0.0002727767        0.227295        53.16589
   1.525102e-06   -0.0006084279      0.06867579        80.92897
       1019.231        1173.077
              0               0               0        1173.077
  -1.295947e-06   -0.0002694125       0.9792035        55.13099
  -2.730745e-07    -0.001299692      -0.2027376        90.95985
       235.7528        269.4317
  -3.664376e-23    1.457923e-20               1        1019.231
  -1.737659e-06    0.0002957642       0.1801425        26.74381
   1.026519e-06   -0.0005017362       0.1011534        83.53531
       1019.231        1173.077
