              0               0               0        711.5385
  -1.954171e-05    -0.002787884      -0.5506579        122.8748
   2.919522e-05     0.001812083      -0.8353401       -18.04601
      -286.7617       -269.8933
  -5.749011e-22    2.093553e-19               1        711.5385
  -4.213014e-06      0.00192556       0.2124471        112.6991
   -9.59329e-06      0.00203867       0.1758938       -31.48106
       711.5385        865.3846
              0               0               0        865.3846
   4.906636e-07    -9.60187e-05      -0.9603716        194.4667
  -7.746169e-07    0.0003071862      -0.2783941        14.24203
       -333.069       -313.4767
  -5.749011e-22    2.093553e-19               1        711.5385
   -4.51538e-06     0.002004826       0.2637854        122.8748
  -9.028496e-06     0.001968086        0.120782       -18.04601
       711.5385        865.3846
