              0               0               0        307.6923
   8.973432e-06     0.003284553       0.5913261       -68.37303
  -2.839744e-05    -0.002379328       0.8076681        90.72318
       67.87111        84.83889
  -1.867855e-21    6.194539e-19               1        307.6923
  -2.832079e-07    4.737548e-05      0.01155768       -57.35006
  -1.193734e-06    0.0002886213       0.0580862        103.6038
       307.6923        557.6923
              0               0               0        557.6923
  -9.736643e-06      0.00410912       0.5729097        -66.0241
  -1.598248e-05    -0.002771147       0.8188534        105.2671
       63.54455        79.43069
  -1.867855e-21    6.194539e-19               1        307.6923
  -3.584468e-07    7.282396e-05      0.01359265       -68.37303
  -1.289804e-06    0.0003034812      0.06291797        90.72318
       307.6923        557.6923
