              0               0               0       -1538.462
   3.675024e-07   -0.0002062214      -0.9442308        44.55514
   6.374491e-08    0.0005608832      -0.3286883       -35.85507
       951.1994        987.7444
  -5.358563e-26    1.024235e-23               1       -1538.462
  -1.189432e-08    1.417108e-05      0.02045132        9.790764
    3.48496e-07   -4.106581e-05     -0.02750601       -47.11478
      -1538.462       -1173.077
              0               0               0       -1173.077
    1.94931e-07   -0.0002377701      -0.9174697        51.72226
   4.576233e-07    0.0005244491      -0.3973496       -32.11334
       932.2511        968.0575
  -5.358563e-26    1.024235e-23               1       -1538.462
  -1.055342e-07    2.161755e-05      0.02580601        44.55514
    1.63644e-07    -1.07561e-05    -0.007676806       -35.85507
      -1538.462       -1173.077
