              0               0               0       -711.5385
   5.730651e-06   -0.0005920014      -0.9820974        41.44113
   1.352185e-05     0.003172799      -0.1887507       -57.43947
       468.0016        484.7493
  -4.461828e-23    4.351327e-21               1       -711.5385
  -2.605247e-06    2.833688e-06       0.2631995        24.85409
  -1.045264e-06     0.001054476      -0.3114304       -59.64717
      -711.5385       -557.6923
              0               0               0       -557.6923
   1.520455e-05    -0.002531975      -0.8636332        71.72766
   8.281954e-06     0.004286629      -0.5044257       -78.93985
        496.877        514.3699
  -4.461828e-23    4.351327e-21               1       -711.5385
  -2.818274e-06    0.0001171107       0.2455501        41.44113
  -1.771509e-06     0.001160996       -0.276438       -57.43947
      -711.5385       -557.6923
