              0               0               0       -1173.077
   1.869715e-07   -0.0001849759       0.8743329       -308.4671
  -4.815752e-07    0.0003313933       0.4853155       -62.55776
       143.4825        179.3532
    7.61619e-25   -4.849574e-23               1       -1173.077
  -3.875349e-06     0.001316985       0.3409345       -277.3336
    -7.4283e-06     0.001623272        0.300751       -44.74501
      -1173.077       -1019.231
              0               0               0       -1019.231
   3.632663e-07   -0.0001896057       0.9417635        -234.348
  -1.589931e-06    0.0005370662       0.3361496         2.98222
       113.2748        141.5934
    7.61619e-25   -4.849574e-23               1       -1173.077
  -4.021042e-06     0.001388857       0.3632763       -308.4671
  -7.920617e-06     0.001805766       0.3356699       -62.55776
      -1173.077       -1019.231
