              0               0               0       -4423.077
   8.906116e-07    -5.35718e-05       0.9714608       -122.8906
  -3.705528e-06    0.0002190321       0.2372116        53.35117
       150.3794        171.8621
   2.831483e-29     1.28761e-41               1       -4423.077
   3.318247e-10    -4.88811e-07     -0.03052473       -102.0368
  -2.043373e-09   -4.124812e-07     0.005592373        58.51148
      -4423.077       -3846.154
              0               0               0       -3846.154
   6.858615e-07   -4.491844e-05       0.9669542       -143.4089
  -2.647945e-06    0.0001698576       0.2549733        54.90122
       171.4217        195.9105
   2.831483e-29     1.28761e-41               1       -4423.077
   1.885272e-10   -3.956952e-07     -0.03539956       -122.8906
   -1.77716e-09   -6.788035e-07      0.00366987        53.35117
      -4423.077       -3846.154
