              0               0               0       -711.5385
  -7.872086e-06     0.001679968       0.8517821       -66.67176
  -2.077358e-06    -0.002664818       0.5238251        91.62395
        83.5049        100.2059
  -4.461828e-23    4.351327e-21               1       -711.5385
   6.917332e-06    -0.002463275       0.2014367       -52.01426
   4.690289e-06    -0.001929778       0.2575846        99.61939
      -711.5385       -557.6923
              0               0               0       -557.6923
  -6.403195e-06     0.004324202       0.4719818       -63.90229
  -1.722236e-05    -0.002299823       0.8819559        95.74184
       89.23349        107.0802
  -4.461828e-23    4.351327e-21               1       -711.5385
   6.483039e-06    -0.002458195       0.2427407       -66.67176
   5.589496e-06    -0.002065598       0.2122548        91.62395
      -711.5385       -557.6923
