              0               0               0        557.6923
   1.110636e-05     0.003356907      -0.7059868       -53.71701
  -8.022606e-06     0.003265216       0.7082157       -64.40181
      -118.3345       -98.61209
   2.146718e-21   -7.814377e-19               1        557.6923
  -3.520696e-07    0.0004241836      0.01971711       -66.24983
   3.086513e-06   -0.0001553592     -0.02829594       -49.22555
       557.6923        711.5385
              0               0               0        711.5385
   1.705044e-05     0.001955646      -0.8524013       -40.71829
   7.172463e-06     0.003148961       0.5226171       -55.76301
        -101.21       -84.34167
   2.146718e-21   -7.814377e-19               1        557.6923
  -7.094557e-08    0.0004333381      0.01950349       -53.71701
   2.780238e-06    5.485731e-05     -0.01809183       -64.40181
       557.6923        711.5385
