              0               0               0        865.3846
   6.886257e-07    0.0001624482       -0.991891       -16.93381
   4.620439e-06     0.001180346       0.1259913       -16.82476
      -117.5538       -97.96148
   1.528862e-22   -5.598364e-20               1        865.3846
   1.369394e-06   -0.0006638458      0.06336598       -36.29969
   2.841683e-06    -0.001253265       0.1455112       -13.86847
       865.3846        1019.231
              0               0               0        1019.231
   -3.58164e-07    0.0001825928      -0.9785039        -11.4525
   -1.39148e-07    0.0008103784       0.2052158       -16.80643
      -159.0972        -132.581
   1.528862e-22   -5.598364e-20               1        865.3846
   1.348916e-06   -0.0006686194        0.106566       -16.93381
   3.383794e-06    -0.001566579       0.1610415       -16.82476
       865.3846        1019.231
