              0               0               0        2115.385
  -2.274619e-05     0.002009315       0.9321641       -114.5438
  -9.733333e-06   -0.0001343839       0.2410674        76.18442
       67.52617        101.2892
   9.672408e-26   -1.320394e-22               1        2115.385
  -3.198346e-09    7.658884e-06     0.006947141       -81.65606
  -3.353622e-09    1.166121e-05     -0.02488162        83.79579
       2115.385        2692.308
              0               0               0        2692.308
  -2.673671e-05     0.002223088       0.9143118       -105.1424
  -1.389259e-05     1.27291e-05       0.3009308        63.81944
       61.47865        92.21798
   9.672408e-26   -1.320394e-22               1        2115.385
   -3.45653e-09    7.599207e-06      0.01306213       -114.5438
  -4.981519e-09    1.579031e-05     -0.02888438        76.18442
       2115.385        2692.308
