              0               0               0        307.6923
  -3.110354e-05     0.003741331       0.7105398       -57.35006
   1.609481e-05    -0.003824852       0.7023969        103.6038
       84.83889        101.8067
  -1.867855e-21    6.194539e-19               1        307.6923
  -1.897618e-07    1.832859e-05     0.008720946       -44.36858
  -1.134485e-06    0.0002832673      0.05409309        114.4993
       307.6923        557.6923
              0               0               0        557.6923
  -1.526214e-05     0.003645087       0.6960942        -55.9248
  -9.351709e-06    -0.003532846       0.7187073         117.512
       79.43069        95.31683
  -1.867855e-21    6.194539e-19               1        307.6923
  -2.832079e-07    4.737548e-05      0.01155768       -57.35006
  -1.193734e-06    0.0002886213       0.0580862        103.6038
       307.6923        557.6923
