              0               0               0        1538.462
  -4.480454e-05     0.002059862      -0.8100828       -138.8593
   6.119577e-05    2.922562e-05       0.5216614        27.27695
      -73.43448       -36.71724
  -3.610124e-25    4.927898e-22               1        1538.462
  -2.457364e-09    6.704458e-06      0.02158441       -168.0442
  -1.163307e-08    4.009459e-05     -0.06161854        49.49955
       1538.462        2115.385
              0               0               0        2115.385
  -6.316709e-05     0.002279078       -0.870703       -124.6558
   6.171746e-05    0.0004633806       0.4127031        8.262279
      -67.40898       -33.70449
  -3.610124e-25    4.927898e-22               1        1538.462
  -1.989545e-09    3.274422e-06      0.02339247       -138.8593
  -1.035121e-08    3.480569e-05     -0.04959368        27.27695
       1538.462        2115.385
