              0               0               0        2115.385
   2.058852e-06   -0.0003011577       0.9465775        151.6282
   6.017778e-06   -0.0008454095      -0.3226844        74.64872
       337.6308        371.3939
   9.672408e-26   -1.320394e-22               1        2115.385
   9.293848e-10    6.534899e-07     -0.03026696        183.3235
   6.533465e-09   -1.976745e-05      0.02035663        63.02179
       2115.385        2692.308
              0               0               0        2692.308
   2.213772e-06   -0.0002846267       0.9657266        136.7767
   8.479371e-06    -0.001024548      -0.2594709        78.13895
       307.3933        338.1326
   9.672408e-26   -1.320394e-22               1        2115.385
   1.678875e-10    2.445941e-06     -0.02720971        151.6282
   5.353566e-09   -1.609332e-05      0.01355246        74.64872
       2115.385        2692.308
