              0               0               0        1019.231
   -3.58164e-07    0.0001825928      -0.9785039        -11.4525
   -1.39148e-07    0.0008103784       0.2052158       -16.80643
      -159.0972        -132.581
  -3.664376e-23    1.457923e-20               1        1019.231
   3.741203e-07   -3.181784e-05     -0.04365919       -37.27699
  -8.423163e-08    5.828079e-05     -0.03833252        -10.7977
       1019.231        1173.077
              0               0               0        1173.077
   8.395087e-09    0.0002297458      -0.9358317        -12.1727
   5.027444e-07    0.0005823633       0.3519611       -28.13652
      -201.7801       -168.1501
  -3.664376e-23    1.457923e-20               1        1019.231
   2.443837e-07   -4.604294e-05    -0.003382014        -11.4525
   3.300005e-07   -4.828078e-06     -0.08071345       -16.80643
       1019.231        1173.077
