              0               0               0       -3846.154
   5.114397e-07    2.410943e-05      -0.9801417       -193.1836
   2.058871e-06    0.0001249315       0.1983738       -1.868009
       858.1094        882.6649
  -1.415742e-28    4.900644e-26               1       -3846.154
  -3.850258e-09    5.867923e-06     -0.04970736       -217.2294
  -3.628369e-08    3.433359e-05    -0.008766826        3.108982
      -3846.154       -3269.231
              0               0               0       -3269.231
   2.717044e-08   -1.424907e-05      -0.9856229       -217.6039
   1.100347e-07   -8.287183e-05       0.1689718       -2.070555
       962.3269        989.8007
  -1.415742e-28    4.900644e-26               1       -3846.154
  -4.010478e-09    5.929619e-06     -0.04441461       -193.1836
  -3.894856e-08    3.736477e-05    -0.008944033       -1.868009
      -3846.154       -3269.231
