              0               0               0       -4423.077
   -4.73456e-07   -6.680706e-05      -0.9929166        45.53055
  -8.437055e-07     0.001035738        -0.12509       -10.09893
       536.8581        558.2987
   2.831483e-29     1.28761e-41               1       -4423.077
  -7.443955e-10    7.988006e-07      0.00252174        24.20648
   6.561123e-09   -2.319615e-06     -0.01309435       -12.31312
      -4423.077       -3846.154
              0               0               0       -3846.154
  -4.691849e-07   -7.201635e-05      -0.9886384        50.11119
   7.429063e-08    0.0007866045      -0.1550686       -16.04733
       612.5539        637.1095
   2.831483e-29     1.28761e-41               1       -4423.077
  -9.178278e-10    8.592155e-07     0.007749561        45.53055
   4.744886e-09    -1.46511e-06      -0.0110446       -10.09893
      -4423.077       -3846.154
