              0               0               0        1173.077
  -4.733518e-08   -2.672813e-06      -0.9968154        318.5776
  -6.709606e-07   -3.135158e-05      0.07966568       -78.60519
      -538.0804       -504.4503
   2.578164e-24   -2.333275e-21               1        1173.077
   7.319234e-07   -0.0008221993       0.2944176        285.0499
    -1.0871e-06     0.001142927      -0.2937821       -75.98701
       1173.077        1538.462
              0               0               0        1538.462
  -1.064254e-09   -3.405723e-06      -0.9978479        355.2039
  -9.721893e-08   -4.703672e-05       0.0654581       -86.10796
      -587.4758       -550.7586
   2.578164e-24   -2.333275e-21               1        1173.077
   8.318671e-07   -0.0009321961       0.3297912        318.5776
  -1.190257e-06     0.001248267      -0.3177252       -78.60519
       1173.077        1538.462
