              0               0               0        1538.462
   1.550163e-08   -4.073101e-06      -0.9983812        281.9085
   3.048059e-07   -7.286724e-05      0.05681504       -81.59521
      -514.0414       -477.3241
  -3.610124e-25    4.927898e-22               1        1538.462
   3.115379e-09   -1.855372e-05    -0.003330078        245.2459
   1.992589e-09   -3.428202e-05      0.08291948       -79.59227
       1538.462        2115.385
              0               0               0        2115.385
  -1.873785e-08    5.366241e-06      -0.9972105        271.3526
   2.362228e-07   -7.076209e-05     -0.07461682       -40.19565
      -471.8628       -438.1583
  -3.610124e-25    4.927898e-22               1        1538.462
   3.408971e-09   -1.928941e-05    -0.008302914        281.9085
   3.876441e-09   -4.172338e-05      0.09454017       -81.59521
       1538.462        2115.385
