              0               0               0       -3269.231
   2.249881e-06    7.943497e-05       0.9644432       -110.8336
   -9.61895e-06   -0.0002803546       0.2643905        69.56127
       247.5983        275.1093
   5.379818e-28   -1.960258e-25               1       -3269.231
  -7.235866e-09    5.881591e-07     -0.02046455       -84.19391
  -8.789015e-09    8.291498e-07     0.005434461        76.42243
      -3269.231       -2692.308
              0               0               0       -2692.308
   2.070782e-06    8.368474e-05       0.9554362       -126.5019
  -7.759209e-06   -0.0002623258        0.295298        69.59545
       274.7836        305.3151
   5.379818e-28   -1.960258e-25               1       -3269.231
  -7.380552e-09    8.895418e-07     -0.02521507       -110.8336
   -1.08704e-08    8.200627e-07     0.003204233        69.56127
      -3269.231       -2692.308
