              0               0               0        711.5385
   3.688072e-05    -0.004654232      -0.4251218        131.1932
  -9.079667e-06      0.00227156      -0.9042244       -3.396021
        -303.63       -286.7617
  -5.749011e-22    2.093553e-19               1        711.5385
   -4.51538e-06     0.002004826       0.2637854        122.8748
  -9.028496e-06     0.001968086        0.120782       -18.04601
       711.5385        865.3846
              0               0               0        865.3846
   2.831792e-06   -0.0002624626      -0.9533481        213.2244
  -9.449462e-06    0.0008625962      -0.3013128        19.88539
      -352.6613        -333.069
  -5.749011e-22    2.093553e-19               1        711.5385
  -4.936667e-06     0.002082681       0.3296346        131.1932
  -8.223988e-06     0.001828679      0.06464462       -3.396021
       711.5385        865.3846
