              0               0               0       -3269.231
   4.115497e-07   -0.0001441962       0.9849241        -270.836
  -3.311725e-06    0.0007882553       0.1730788        29.29841
       82.53278        110.0437
   5.379818e-28   -1.960258e-25               1       -3269.231
  -8.711018e-09    3.143028e-06     -0.04906843       -243.8404
  -1.843446e-08   -2.288496e-06    -0.007402944        34.58761
      -3269.231       -2692.308
              0               0               0       -2692.308
   6.197525e-07   -0.0001606405       0.9787297       -302.5257
  -3.646073e-06    0.0007490076       0.2050328        19.16073
       91.59452         122.126
   5.379818e-28   -1.960258e-25               1       -3269.231
   -9.09309e-09     3.55966e-06     -0.05395587        -270.836
  -1.980929e-08   -2.972171e-06    -0.009263928        29.29841
      -3269.231       -2692.308
