              0               0               0       -865.3846
   4.842024e-07   -0.0001645832       0.9873601       -179.0484
  -4.938068e-06    0.0009885927       0.1586054          31.862
       64.13352        85.51136
   1.194898e-23   -1.163587e-21               1       -865.3846
  -6.879846e-06    0.0007602623       0.5502152       -158.0113
  -7.666061e-06     0.001428082        0.263984         35.6562
      -865.3846       -711.5385
              0               0               0       -711.5385
   -2.48057e-05     0.003015185       0.7141686       -93.07296
    1.03644e-05    -0.002937449       0.6981598        71.26631
       50.10294        66.80392
   1.194898e-23   -1.163587e-21               1       -865.3846
  -6.886315e-06     0.000827814       0.5944741       -179.0484
  -6.634879e-06     0.001024398       0.2555669          31.862
      -865.3846       -711.5385
