              0               0               0           -5000
   1.593402e-07    -3.26678e-05       -0.975755       -122.4732
   6.680796e-07   -0.0001454514       0.2188572        10.85159
       627.4317          645.87
   2.831483e-29   -4.900644e-26               1           -5000
   4.187683e-09   -8.566207e-06      -0.0413724       -140.4746
   2.822338e-08   -6.033153e-05      0.01755606        14.84168
          -5000       -4423.077
              0               0               0       -4423.077
   5.321191e-08    -2.43337e-05      -0.9786392       -145.3971
   2.009104e-07   -0.0001148921       0.2055702        5.952262
       729.8232        751.2638
   2.831483e-29   -4.900644e-26               1           -5000
   3.941562e-09    -7.99359e-06     -0.03643495       -122.4732
   2.904139e-08    -6.18556e-05      0.01752761        10.85159
          -5000       -4423.077
