              0               0               0       -1173.077
  -1.154113e-07    9.730355e-06      -0.9916129       -297.3702
   7.309448e-07   -7.114448e-05      -0.1290827        -103.123
       1290.315        1326.122
    7.61619e-25   -4.849574e-23               1       -1173.077
  -3.578587e-06     0.001322622       0.3605775       -332.8691
   -6.56043e-06     0.001946304       0.3652703       -107.8026
      -1173.077       -1019.231
              0               0               0       -1019.231
  -3.306144e-08   -5.577369e-07      -0.9993554       -230.8701
  -6.632709e-08   -3.243209e-05      0.03545328       -30.40431
       1018.673        1046.942
    7.61619e-25   -4.849574e-23               1       -1173.077
  -3.116123e-06      0.00117827       0.3247325       -297.3702
  -5.764259e-06     0.001777743       0.3356047        -103.123
      -1173.077       -1019.231
