              0               0               0        2115.385
    4.08474e-07    8.581827e-05       0.9363144        277.7047
   1.319508e-06    0.0002270455      -0.3511746        26.25959
       472.6832        506.4462
   9.672408e-26   -1.320394e-22               1        2115.385
   4.437595e-09   -7.111937e-06     -0.04199839        309.4311
   1.229833e-08   -3.523832e-05      0.04795517        14.71246
       2115.385        2692.308
              0               0               0        2692.308
   1.372677e-07    8.938579e-05       0.9572204        254.1735
    7.41756e-07     0.000294504      -0.2893374        41.60595
       430.3506        461.0899
   9.672408e-26   -1.320394e-22               1        2115.385
   3.604353e-09   -5.245374e-06     -0.03896092        277.7047
   1.099418e-08   -3.149214e-05      0.04110959        26.25959
       2115.385        2692.308
