              0               0               0        3269.231
  -5.651818e-10    9.179929e-06      -0.9843257        203.4734
    1.53103e-07   -5.350127e-05      -0.1764047       -12.24988
      -359.8268       -332.1478
   6.811555e-27   -9.431384e-24               1        3269.231
  -5.449287e-09    2.804707e-06     -0.02622922        176.2353
    5.04409e-08   -3.879946e-05     0.003855773       -17.17032
       3269.231        3846.154
              0               0               0        3846.154
  -4.082923e-07   -2.527807e-05      -0.9832422        185.3849
   2.069423e-06    0.0001413034      -0.1822558       -13.77456
      -322.2485       -297.4602
   6.811555e-27   -9.431384e-24               1        3269.231
  -6.667242e-09    3.727944e-06     -0.03128505        203.4734
   5.330066e-08   -4.140407e-05     0.003503574       -12.24988
       3269.231        3846.154
