              0               0               0        1173.077
   9.129312e-07    9.843531e-05        0.875653        267.4514
   1.846023e-06    0.0001763526      -0.4829422       -8.815315
       471.5055        505.1845
   2.578164e-24   -2.333275e-21               1        1173.077
   9.001767e-07   -0.0009975585       0.3367989         297.089
  -1.014076e-06     0.001048862      -0.2558504       -24.80976
       1173.077        1538.462
              0               0               0        1538.462
   3.703965e-07    0.0001131799       0.8822314        298.2607
   8.422094e-07    0.0002108467      -0.4708224       -10.74165
        514.936        551.7172
   2.578164e-24   -2.333275e-21               1        1173.077
   8.525519e-07   -0.0009413562       0.3144565        267.4514
  -8.840541e-07     0.000912309      -0.2205893       -8.815315
       1173.077        1538.462
