              0               0               0           -5000
  -7.572444e-05    0.0003159758       0.9512251        78.36874
   4.097331e-05    -0.002025851      -0.3404737        49.91081
       313.9011        332.3658
   2.831483e-29   -4.900644e-26               1           -5000
   9.544714e-10   -2.247125e-06      0.02219311         95.5639
   2.787118e-09   -4.960631e-06      0.00844779        43.19128
          -5000       -4423.077
              0               0               0       -4423.077
  -5.513185e-05    0.0002505661       0.9555678        87.70569
   3.199339e-05    -0.001845175      -0.3279017         54.5277
        365.207        386.6898
   2.831483e-29   -4.900644e-26               1           -5000
   1.068935e-09   -2.570697e-06      0.01731136        78.36874
   3.316023e-09   -6.283722e-06      0.01052413        49.91081
          -5000       -4423.077
