              0               0               0        2692.308
   1.372677e-07    8.938579e-05       0.9572204        254.1735
    7.41756e-07     0.000294504      -0.2893374        41.60595
       430.3506        461.0899
  -2.588391e-26    3.536769e-23               1        2692.308
  -5.263433e-11    5.685156e-07     -0.04577344        283.6863
   4.124968e-09   -1.395275e-05      0.01957571        33.01173
       2692.308        3269.231
              0               0               0        3269.231
   3.095886e-07    8.040489e-05       0.9664415        230.5994
   1.603672e-06    0.0003004088      -0.2568786        47.30916
       388.0805        415.8006
  -2.588391e-26    3.536769e-23               1        2692.308
  -6.092012e-11    9.929293e-07     -0.04141425        254.1735
   3.983182e-09   -1.246375e-05      0.01575042        41.60595
       2692.308        3269.231
