              0               0               0           -5000
   1.549945e-06    8.100796e-06       0.9736519       -84.65281
  -6.700438e-06   -3.502974e-05        0.228044         55.5402
       147.7181        166.1829
   2.831483e-29   -4.900644e-26               1           -5000
   4.467554e-10   -1.343962e-06     -0.02452802       -66.66204
  -2.201786e-09    3.623036e-06     0.005471226        59.69685
          -5000       -4423.077
              0               0               0       -4423.077
   1.411357e-06    3.826597e-06       0.9703922       -102.0368
  -5.430693e-06   -1.978286e-05        0.241492        58.51148
       171.8621        193.3449
   2.831483e-29   -4.900644e-26               1           -5000
   3.318247e-10   -1.063123e-06     -0.02962939       -84.65281
  -2.043373e-09    3.124127e-06     0.004027962         55.5402
          -5000       -4423.077
