              0               0               0       -865.3846
  -2.579052e-07   -8.142329e-05        1.001703       -242.8831
  -1.567131e-05     0.003021552     -0.05658426        27.04726
              0        21.37784
   1.194898e-23   -1.163587e-21               1       -865.3846
  -7.226377e-06     0.001100178       0.6980564       -221.5086
  -2.922292e-06   -0.0001088217       0.2067325        27.06538
      -865.3846       -711.5385
              0               0               0       -711.5385
  -4.061066e-05     0.005525311       0.4063117        -122.527
    1.99532e-05    -0.003281234       0.9210399        31.09369
              0        16.70098
   1.194898e-23   -1.163587e-21               1       -865.3846
  -8.376708e-06     0.001391707       0.7664714       -242.8831
  -1.023459e-07   -0.0008592732       0.1609201        27.04726
      -865.3846       -711.5385
