              0               0               0        3269.231
   1.383561e-06   -0.0001140049      -0.9837387        339.9011
  -7.535976e-06     0.000629952      -0.1792229         10.9891
      -498.2217       -470.5427
   6.811555e-27   -9.431384e-24               1        3269.231
  -7.716624e-09    4.686147e-06     -0.05235483        312.6143
   4.541628e-08   -3.818936e-05     0.006723908        6.351206
       3269.231        3846.154
              0               0               0        3846.154
   5.955376e-06   -0.0004610295      -0.9623378        306.5349
  -1.982218e-05     0.001623465      -0.2706281        12.25319
      -446.1903       -421.4019
   6.811555e-27   -9.431384e-24               1        3269.231
  -6.670945e-09    3.992227e-06     -0.05791775        339.9011
   3.769818e-08   -3.331873e-05     0.008865977         10.9891
       3269.231        3846.154
