              0               0               0        307.6923
   5.837269e-06     0.003761368       -0.594435       -68.31627
  -1.392176e-05     0.002822478       0.8037422       -35.93667
      -67.88301       -50.91226
  -1.867855e-21    6.194539e-19               1        307.6923
   3.975831e-07   -8.017501e-05      -0.0234484       -77.29245
  -1.017651e-06     0.000196094      0.04770825       -21.55171
       307.6923        557.6923
              0               0               0        557.6923
  -3.313083e-06     0.004223267      -0.3981543         -75.718
   -1.09708e-05     0.001745858       0.9171186       -31.95229
      -78.88967       -59.16726
  -1.867855e-21    6.194539e-19               1        307.6923
   6.544857e-07   -0.0001424262     -0.03490576       -68.31627
  -6.257287e-07    9.838538e-05      0.03044919       -35.93667
       307.6923        557.6923
