              0               0               0       -865.3846
   0.0002117254    -0.003325606       0.8971086        134.0717
  -0.0001082846    0.0003302405       -0.342593        48.48808
       384.8011         406.179
   1.194898e-23   -1.163587e-21               1       -865.3846
   6.870091e-07   -6.946501e-05      -0.1390634        153.7987
   3.791836e-08    0.0006705245      -0.1021307        40.25717
      -865.3846       -711.5385
              0               0               0       -711.5385
   6.327128e-05    -0.003620352       0.5341723        125.0556
  -3.303059e-05    -0.001437816      -0.8369184         55.0855
       300.6176        317.3186
   1.194898e-23   -1.163587e-21               1       -865.3846
  -4.280517e-07    0.0001552142     -0.07235217        134.0717
  -8.619205e-07    0.0009223462     -0.07861574        48.48808
      -865.3846       -711.5385
