              0               0               0        307.6923
  -5.283366e-06    -0.004421096       0.1764719        126.5307
    1.11936e-05   -0.0008047871      -0.9837046        44.22316
       322.3878        339.3556
  -1.867855e-21    6.194539e-19               1        307.6923
   8.563734e-07    -0.000259064     -0.04315826        128.2264
  -2.263533e-06    0.0005408446       0.0858262        27.35486
       307.6923        557.6923
              0               0               0        557.6923
   1.295998e-05    -0.004053603       0.1471091        113.2602
   1.540997e-05    -0.000619008      -0.9894913        63.06013
       301.8366        317.7228
  -1.867855e-21    6.194539e-19               1        307.6923
   9.188458e-07   -0.0002635725     -0.04461678        126.5307
  -1.952801e-06    0.0004868604      0.07568286        44.22316
       307.6923        557.6923
