              0               0               0       -711.5385
  -1.129045e-05    0.0001271428       0.9995626        12.34513
   1.335665e-06    -0.003959352      0.02321748        115.5745
       167.0098        183.7108
  -4.461828e-23    4.351327e-21               1       -711.5385
    5.69985e-06    -0.001857355        0.116486        29.02168
  -4.969694e-07   -0.0006821223       0.3261706        114.8641
      -711.5385       -557.6923
              0               0               0       -557.6923
  -2.275748e-05    0.0009916106       0.9861172        5.951158
   1.663384e-05    -0.005696064       0.1588851        145.9737
        178.467        196.3137
  -4.461828e-23    4.351327e-21               1       -711.5385
   6.287433e-06    -0.002049821       0.1249812        12.34513
   3.972217e-07    -0.000941613       0.3330571        115.5745
      -711.5385       -557.6923
