              0               0               0        2115.385
  -1.767555e-06   -0.0001981108       0.9889015        86.20217
  -1.201351e-06    -0.001351468      -0.1490347           90.96
       270.1047        303.8677
   9.672408e-26   -1.320394e-22               1        2115.385
  -5.275386e-10    4.073781e-06     -0.02379961        119.2967
   4.365617e-09   -1.234935e-05     0.006794359        84.34129
       2115.385        2692.308
              0               0               0        2692.308
   -1.68958e-06   -0.0001325748       0.9962806        76.37009
   6.946411e-07    -0.001589467     -0.08533774          89.094
       245.9146        276.6539
   9.672408e-26   -1.320394e-22               1        2115.385
  -1.160924e-09    5.354794e-06     -0.01974517        86.20217
   3.125738e-09   -8.419238e-06    0.0005824788           90.96
       2115.385        2692.308
