              0               0               0        4423.077
   0.0002029441    -0.009886588         1.03346       -89.68627
   0.0001014101    -0.006454213       0.4966419        38.48229
       21.68179        43.36358
  -1.362311e-27    6.195073e-40               1        4423.077
   1.502586e-09    6.259531e-07      0.02024096       -69.85816
  -2.936392e-09   -3.995471e-07    -0.005409914        47.24988
       4423.077            5000
              0               0               0            5000
   0.0002650776      -0.0111558        1.026277       -74.67822
   0.0001490379    -0.007894093       0.5106101        35.68169
       18.66699        37.33398
  -1.362311e-27    6.195073e-40               1        4423.077
   1.074646e-09    3.750329e-07       0.0254399       -89.68627
  -1.750275e-09    2.085889e-07    -0.004392142        38.48229
       4423.077            5000
