              0               0               0        1173.077
  -2.431058e-05     0.001995353       0.9567568       -112.5127
  -6.565113e-06   -0.0004238155       0.1043852         96.9497
       67.35794        101.0369
   2.578164e-24   -2.333275e-21               1        1173.077
   7.567157e-08   -6.180706e-05     0.005190931        -78.9555
   4.269032e-07   -0.0004497839       0.1156153        99.73377
       1173.077        1538.462
              0               0               0        1538.462
  -2.031749e-05     0.001832814       0.9553248       -118.2256
  -5.160894e-06   -0.0004003936       0.1172372        99.24013
       73.56229        110.3434
   2.578164e-24   -2.333275e-21               1        1173.077
  -4.419655e-08    6.798631e-05     -0.03457596       -112.5127
   5.152612e-07   -0.0005387762       0.1343386         96.9497
       1173.077        1538.462
