              0               0               0        865.3846
   3.895788e-06    2.465262e-05       0.9695851        173.4348
   1.741896e-05    7.980793e-05       -0.244894        45.88923
       313.5249        333.1202
   1.528862e-22   -5.598364e-20               1        865.3846
  -5.289075e-07    0.0001758211       0.5535589        192.4729
  -3.553755e-06     0.000396034      -0.2038465        41.25217
       865.3846        1019.231
              0               0               0        1019.231
   7.324099e-07    0.0001609624       0.9545273        254.3924
   3.357551e-06    0.0005151345      -0.2980877         13.8151
       424.9492        451.5085
   1.528862e-22   -5.598364e-20               1        865.3846
  -7.766198e-07     0.000290042       0.4999845        173.4348
  -4.402563e-06    0.0008366622      -0.2329965        45.88923
       865.3846        1019.231
