              0               0               0       -4423.077
   1.411357e-06    3.826597e-06       0.9703922       -102.0368
  -5.430693e-06   -1.978286e-05        0.241492        58.51148
       171.8621        193.3449
   2.831483e-29     1.28761e-41               1       -4423.077
   4.467554e-10   -5.707316e-07     -0.02563265       -81.17436
  -2.201786e-09   -1.877469e-07     0.007453123        63.63642
      -4423.077       -3846.154
              0               0               0       -3846.154
    1.39207e-06    5.469353e-06       0.9659882       -119.7462
  -4.999461e-06   -2.467748e-05       0.2585286        61.20818
       195.9105        220.3993
   2.831483e-29     1.28761e-41               1       -4423.077
   3.318247e-10    -4.88811e-07     -0.03052473       -102.0368
  -2.043373e-09   -4.124812e-07     0.005592373        58.51148
      -4423.077       -3846.154
