              0               0               0        1019.231
  -8.588498e-07    1.332243e-05      -0.9950891         331.656
   1.033404e-05   -0.0001856742     -0.09810202       -10.43342
      -503.8077       -477.2916
  -3.664376e-23    1.457923e-20               1        1019.231
  -2.443413e-06   -3.108368e-05       0.5850248        305.2633
   5.494013e-06    -0.001076316      -0.4248406        -12.9726
       1019.231        1173.077
              0               0               0        1173.077
   4.923686e-07   -1.562072e-05      -0.9985771        419.2153
    6.56826e-06    -0.000157761      0.05116885       -85.59432
      -638.9704       -605.3404
  -3.664376e-23    1.457923e-20               1        1019.231
  -2.845563e-06    3.393917e-05       0.6312648         331.656
   5.981042e-06    -0.001196274      -0.4460668       -10.43342
       1019.231        1173.077
