              0               0               0        3846.154
   3.599515e-07    1.200758e-05       -1.000067        87.07949
  -4.331166e-06     0.001070427     0.003550943       -25.25391
      -223.0951       -198.3068
  -1.362311e-27    2.357846e-24               1        3846.154
   6.667205e-10   -1.340539e-06    -0.007628771        62.30234
  -1.573165e-08    2.140478e-05      0.01047613       -24.57412
       3846.154        4423.077
              0               0               0        4423.077
   1.484009e-06   -9.094277e-05      -0.9982082        79.22023
  -1.125636e-05     0.001700642      -0.0600476       -13.80954
      -194.8364        -173.188
  -1.362311e-27    2.357846e-24               1        3846.154
   1.174502e-09   -2.035528e-06      -0.0128393        87.07949
  -2.013286e-08    2.735719e-05      0.01075494       -25.25391
       3846.154        4423.077
