              0               0               0        2692.308
   -1.21718e-06    0.0001368482      -0.9921329        434.6246
   8.564379e-06   -0.0009813771      -0.1231068        6.485789
      -613.7169        -583.031
  -2.588391e-26    3.536769e-23               1        2692.308
   1.794788e-09   -1.078673e-06     -0.06444511        404.2738
  -5.145518e-09   -1.565121e-05      0.03533696         2.03153
       2692.308        3269.231
              0               0               0        3269.231
  -1.739189e-06    0.0001748291      -0.9871058        394.3046
   9.978265e-06    -0.001027177      -0.1572333        21.14824
      -553.5796       -525.9006
  -2.588391e-26    3.536769e-23               1        2692.308
  -7.498513e-10    2.617012e-07     -0.06978936        434.6246
   4.964025e-09   -2.084383e-05      0.03578798        6.485789
       2692.308        3269.231
