              0               0               0       -557.6923
   1.784781e-05   -4.585823e-05       -1.000432        21.66915
   9.323092e-06     0.004795748    -0.009278494       -92.65261
       549.3556        566.8485
   8.804966e-23   -1.624172e-20               1       -557.6923
   1.991685e-06    -0.001028686      0.05694685        4.250205
  -1.992641e-06     0.001084314     -0.09284734       -91.29751
      -557.6923       -307.6923
              0               0               0       -307.6923
   1.546501e-05    0.0006650976      -0.9883222        2.114087
  -5.893747e-07     0.004552311       0.1515584       -81.84999
       535.7348         553.015
   8.804966e-23   -1.624172e-20               1       -557.6923
   2.141823e-06    -0.001112053      0.06592918        21.66915
  -1.729108e-06    0.0009469645     -0.08546137       -92.65261
      -557.6923       -307.6923
