              0               0               0        307.6923
   5.519686e-06     0.002158057       0.8106393       -44.36858
  -3.202362e-05    -0.003005573       0.5864998        114.4993
       101.8067        118.7744
  -1.867855e-21    6.194539e-19               1        307.6923
  -1.064902e-07   -6.167544e-06     0.005602801       -29.96555
  -1.072564e-06    0.0002763718      0.05022847        123.4291
       307.6923        557.6923
              0               0               0        557.6923
   -1.42769e-05     0.002917718       0.8003518       -44.00783
  -4.376534e-06    -0.003978534       0.5993804        128.0005
       95.31683         111.203
  -1.867855e-21    6.194539e-19               1        307.6923
  -1.897618e-07    1.832859e-05     0.008720946       -44.36858
  -1.134485e-06    0.0002832673      0.05409309        114.4993
       307.6923        557.6923
