              0               0               0        4423.077
  -5.430658e-06    0.0005512177       0.9611472       -28.83543
  -3.038624e-09    -0.001169202       0.2657446        61.22338
       86.72716        108.4089
  -1.362311e-27    6.195073e-40               1        4423.077
   1.478664e-09    7.459772e-07     0.004819409       -7.792258
  -3.369219e-09   -9.671601e-07    -0.008284603        66.43552
       4423.077            5000
              0               0               0            5000
  -4.970883e-06    0.0005834711       0.9577407       -22.52872
  -8.302973e-06    -0.001111032       0.2784266        55.93083
       74.66797        93.33496
  -1.362311e-27    6.195073e-40               1        4423.077
   1.624165e-09    7.663316e-07     0.009948923       -28.83543
  -3.694586e-09    -9.57384e-07      -0.0073917        61.22338
       4423.077            5000
