              0               0               0        3846.154
  -1.662136e-06    0.0002370825       0.9890409        13.67761
  -2.790693e-06    -0.001462595       0.1460687        75.93637
       148.1076        172.7922
  -1.362311e-27    2.357846e-24               1        3846.154
   1.123217e-09   -1.267594e-06    -0.005132394        38.21114
  -1.701346e-09    2.177595e-06     -0.01054296        78.60884
       3846.154        4423.077
              0               0               0        4423.077
   -2.25482e-06    0.0002925239       0.9880261        13.50722
  -4.553814e-06     -0.00170782       0.1526562        70.46386
       130.0907        151.7725
  -1.362311e-27    2.357846e-24               1        3846.154
   1.295368e-09   -1.519996e-06    0.0001504251        13.67761
  -2.677332e-09    3.692488e-06     -0.01072485        75.93637
       3846.154        4423.077
