              0               0               0       -3846.154
   4.288208e-06   -0.0003879142      -0.9773445        74.28083
  -2.862046e-06    0.0009974418      -0.1988768       -11.72286
       587.9984        612.5539
  -1.415742e-28    4.900644e-26               1       -3846.154
   1.286052e-09   -7.293327e-07     0.007824494        50.11119
  -5.789673e-09    6.747193e-06    -0.007997248       -16.04733
      -3846.154       -3269.231
              0               0               0       -3269.231
   3.736663e-06   -0.0003820741      -0.9756893         81.6464
  -2.775952e-06     0.001001582      -0.2065567       -14.55067
       660.1141         687.588
  -1.415742e-28    4.900644e-26               1       -3846.154
   1.327598e-09   -9.746509e-07      0.01288742        74.28083
  -3.890518e-09     5.08338e-06    -0.006539336       -11.72286
      -3846.154       -3269.231
