              0               0               0        1173.077
   1.030995e-06   -0.0001167954       0.8714661         179.584
   1.766672e-06   -0.0002019047      -0.4905246        41.05855
       370.4686        404.1476
   2.578164e-24   -2.333275e-21               1        1173.077
   7.646875e-07   -0.0008367099       0.2718775         208.841
  -6.242628e-07     0.000638392      -0.1491449        24.37666
       1173.077        1538.462
              0               0               0        1538.462
    1.07697e-06   -0.0001196632        0.878158         201.586
   1.951813e-06   -0.0002167655      -0.4783984        42.45051
       404.5926        441.3737
   2.578164e-24   -2.333275e-21               1        1173.077
   7.222875e-07   -0.0007858275       0.2509156         179.584
  -4.918774e-07    0.0004991469      -0.1129025        41.05855
       1173.077        1538.462
