              0               0               0        2692.308
  -1.140231e-06    0.0001156757       0.9961529        14.96765
  -2.254702e-06    -0.001183001      0.08539825        88.83609
        184.436        215.1753
  -2.588391e-26    3.536769e-23               1        2692.308
  -3.349378e-10    3.374642e-06    -0.009572932         45.6649
   -8.61832e-10   -9.154656e-07    -0.008493693        90.27786
       2692.308        3269.231
              0               0               0        3269.231
  -1.360801e-06    0.0001763063       0.9926493        13.57819
  -3.337352e-06    -0.001303754       0.1193082        82.67312
       166.3202        194.0403
  -2.588391e-26    3.536769e-23               1        2692.308
  -1.784768e-10    3.235055e-06    -0.004215362        14.96765
  -1.908997e-09    8.703995e-07     -0.01054924        88.83609
       2692.308        3269.231
