              0               0               0       -307.6923
  -4.318721e-06     0.004106948       0.4383985       -78.40368
  -1.497606e-05    -0.001969845       0.8988551        77.51424
       51.84801        69.13068
  -2.352002e-22    4.979552e-20               1       -307.6923
   5.041331e-08   -5.969575e-05       0.0176519       -69.62257
   3.712478e-07   -0.0003277209      0.06116438        92.38317
      -307.6923               0
              0               0               0               0
   -1.48541e-05     0.004273562       0.4598401       -77.37982
   -7.39434e-06    -0.002223454       0.8877698        76.54211
       51.13237        68.17649
  -2.352002e-22    4.979552e-20               1       -307.6923
  -1.288867e-07    6.950464e-05     -0.00585619       -78.40368
   4.573031e-07   -0.0003976759      0.07590742        77.51424
      -307.6923               0
