              0               0               0       -2692.308
   0.0001019928    -0.002273896        0.912826        143.0453
  -4.521868e-05    1.439281e-05       -0.303483          63.229
       549.5671        580.0986
  -2.010353e-27    7.350966e-25               1       -2692.308
  -5.542036e-09   -3.706623e-07      0.02475114        171.6983
  -1.555965e-08     1.61414e-05      0.01813134        52.68967
      -2692.308       -2115.385
              0               0               0       -2115.385
   8.545032e-05    -0.002041678       0.9304615        152.6394
  -3.190774e-05   -0.0001250352      -0.2461218        75.13954
       603.9846        637.5393
  -2.010353e-27    7.350966e-25               1       -2692.308
  -1.196837e-09   -2.396878e-06      0.01841095        143.0453
  -1.311809e-08    1.360665e-05      0.01716119          63.229
      -2692.308       -2115.385
