              0               0               0       -1538.462
   8.549326e-07    7.646549e-06       0.8796128       -194.0466
  -1.550406e-06   -1.526138e-05       0.4756726        27.23317
       292.7718        329.3683
  -5.358563e-26    1.024235e-23               1       -1538.462
   1.101191e-06   -0.0001406219      -0.0791458       -161.8037
     9.3504e-07   -0.0001744249     -0.09688319        44.54468
      -1538.462       -1173.077
              0               0               0       -1173.077
   1.056902e-06    5.694597e-06       0.8415511       -186.0221
  -1.624485e-06   -9.708445e-06       0.5401536         12.1823
       286.9651        322.8357
  -5.358563e-26    1.024235e-23               1       -1538.462
   1.157583e-06   -0.0001420371     -0.08068424       -194.0466
   1.147202e-06   -0.0002082601      -0.1182551        27.23317
      -1538.462       -1173.077
