              0               0               0        3269.231
   3.539401e-05   -0.0002801023      -0.9730906        -70.3986
  -6.517988e-06      0.00127742       0.2695184       -8.164399
      -83.03694       -55.35796
   6.811555e-27   -9.431384e-24               1        3269.231
   1.151425e-09   -1.106723e-06       0.0227443        -96.7968
   1.755889e-09    1.093764e-06   -0.0003918335       0.1360435
       3269.231        3846.154
              0               0               0        3846.154
   4.336734e-05   -0.0003401818      -0.9750632       -60.10366
  -1.040988e-05     0.001369708       0.2623439       -6.574942
      -74.36504        -49.5767
   6.811555e-27   -9.431384e-24               1        3269.231
   9.578415e-10   -1.168753e-06      0.01820003        -70.3986
   3.407955e-09   -5.420805e-07     0.001933493       -8.164399
       3269.231        3846.154
