              0               0               0       -711.5385
  -6.019124e-05    -0.001255285      -0.4759047        133.2425
   -2.87606e-05     0.003512779      -0.9073898        8.883545
       350.7673        367.5151
  -4.461828e-23    4.351327e-21               1       -711.5385
   -6.78693e-07    0.0002767752     -0.03249638        124.6373
  -4.008352e-06     0.001012008      0.02304662       -5.463005
      -711.5385       -557.6923
              0               0               0       -557.6923
  -0.0001830577     0.003569553    -0.001286469        123.6275
    4.89508e-06   -7.915837e-05      -0.9995335        24.92249
       374.4268        391.9197
  -4.461828e-23    4.351327e-21               1       -711.5385
  -1.580514e-07    0.0003316563      -0.1097805        133.2425
  -3.740812e-06    0.0008305379      0.06501803        8.883545
      -711.5385       -557.6923
