              0               0               0       -2115.385
   8.545032e-05    -0.002041678       0.9304615        152.6394
  -3.190774e-05   -0.0001250352      -0.2461218        75.13954
       603.9846        637.5393
   7.503431e-27   -2.744361e-24               1       -2115.385
   4.312075e-09   -9.962648e-06      0.01878961        184.7903
   8.886658e-08   -1.078877e-05       0.0212194        65.53475
      -2115.385       -1538.462
              0               0               0       -1538.462
   7.461461e-05    -0.001845538       0.9538955        157.0478
  -1.768989e-05   -0.0003546193      -0.1279894        97.27617
       658.7366        695.3331
   7.503431e-27   -2.744361e-24               1       -2115.385
  -1.271183e-08   -4.468327e-06      0.01445026        152.6394
   7.167515e-08   -9.097744e-06      0.01976248        75.13954
      -2115.385       -1538.462
