              0               0               0       -865.3846
   1.530786e-06    8.380034e-06       0.9656059       -74.94322
  -5.645856e-06   -3.325247e-05       0.2599695        55.87472
       171.0227        192.4006
   1.194898e-23   -1.163587e-21               1       -865.3846
  -6.341599e-06    0.0007169951       0.3647507       -54.28186
  -7.375674e-06     0.002187907       0.1813096        61.36195
      -865.3846       -711.5385
              0               0               0       -711.5385
  -9.057786e-06    0.0008516001       0.9699301       -20.68204
     1.1417e-05    -0.003446081       0.2428946        111.0347
       133.6078        150.3088
   1.194898e-23   -1.163587e-21               1       -865.3846
  -6.600506e-06    0.0007083834       0.3999406       -74.94322
  -7.937466e-06     0.002180307        0.210977        55.87472
      -865.3846       -711.5385
