              0               0               0        3846.154
  -6.231763e-07    0.0001115615      -0.9921451        12.92007
  -6.955725e-07    0.0007751627       0.1234411       -20.31962
      -148.7301       -123.9417
  -1.362311e-27    2.357846e-24               1        3846.154
  -1.704197e-10   -1.696433e-07     0.007820448       -11.61451
  -6.764098e-09    9.499964e-06     0.007852124       -16.79401
       3846.154        4423.077
              0               0               0        4423.077
  -5.524282e-07    0.0001021696      -0.9963082        14.33439
  -3.921054e-07     0.001013811      0.08353974       -12.68049
       -129.891       -108.2425
  -1.362311e-27    2.357846e-24               1        3846.154
   4.760262e-11   -4.780982e-07     0.002711475        12.92007
  -9.165245e-09      1.2707e-05     0.008960764       -20.31962
       3846.154        4423.077
