              0               0               0        4423.077
   1.066555e-07    1.811592e-05      -0.9797805        206.8051
  -4.675637e-07   -8.892696e-05      -0.2000794        9.944733
      -324.7274       -303.0789
  -1.362311e-27    6.195073e-40               1        4423.077
   6.100938e-09    1.886848e-06     -0.04277819        185.6039
  -3.817976e-08   -1.460981e-05      0.02980831        5.566896
       4423.077            5000
              0               0               0            5000
    8.42969e-08    2.594539e-05      -0.9769587        180.9247
  -3.363041e-07   -0.0001181308      -0.2134396        14.59162
      -279.6015       -260.9614
  -1.362311e-27    6.195073e-40               1        4423.077
    6.47821e-09    2.055201e-06     -0.04820116        206.8051
  -3.733663e-08   -1.446753e-05      0.02882839        9.944733
       4423.077            5000
