              0               0               0        1538.462
   5.813334e-07    0.0001428147      -0.9922255        135.3482
  -2.177366e-06     0.001200981        0.122786       -72.43415
      -367.1724       -330.4552
  -3.610124e-25    4.927898e-22               1        1538.462
   1.202998e-09   -1.401038e-05      0.01472258        99.13777
  -3.395625e-09   -6.718879e-06       0.0362786       -66.41446
       1538.462        2115.385
              0               0               0        2115.385
   1.061867e-06   -1.805886e-05      -0.9997774        136.8762
  -1.685186e-06      0.00128187    -0.008538013       -49.47675
      -337.0449       -303.3404
  -3.610124e-25    4.927898e-22               1        1538.462
   1.748061e-09   -1.560747e-05      0.01107094        135.3482
  -2.490375e-09   -1.309264e-05      0.04817517       -72.43415
       1538.462        2115.385
