              0               0               0               0
   5.637243e-06     0.004138373      -0.4596343       -77.43796
  -1.377738e-05     0.002146863       0.8885343       -21.82942
       630.6596        647.7053
   8.523301e-22   -1.673124e-19               1               0
   1.088857e-07   -9.331548e-05      0.01878275        -84.0424
   2.590065e-07    4.259335e-05     -0.03703126       -6.128167
              0        307.6923
              0               0               0        307.6923
   6.872064e-06     0.004058556       -0.461725       -77.29245
  -1.302758e-05      0.00211369       0.8875127       -21.55171
      -50.91226        -33.9415
   8.523301e-22   -1.673124e-19               1               0
  -7.899917e-09   -7.288278e-05      0.02364631       -77.43796
   1.429202e-07    6.416759e-05     -0.03237223       -21.82942
              0        307.6923
