              0               0               0       -1019.231
  -1.699815e-07   -0.0001922086       0.9642801       -288.3232
  -8.735051e-07    0.0007105645       0.2647769       -14.12799
       56.63738        84.95606
   -3.17765e-24    3.030207e-22               1       -1019.231
   2.818029e-06   -0.0004728146       0.5398588       -261.1741
   6.280664e-06     -0.00187437        0.386332       -6.079855
      -1019.231       -865.3846
              0               0               0       -865.3846
   -7.80858e-07    -0.000114504       0.9933264       -200.2236
  -3.562448e-07      0.00101144        0.115849        28.92664
       42.75568        64.13352
   -3.17765e-24    3.030207e-22               1       -1019.231
   3.135659e-06   -0.0004999769       0.5753503       -288.3232
   5.129893e-06    -0.001861661       0.4448468       -14.12799
      -1019.231       -865.3846
