              0               0               0       -2692.308
  -1.169864e-06   -1.277827e-05       0.9999482       -6.663967
   3.026589e-06    -0.001442927    -0.008954282        89.95265
       396.9096        427.4411
  -2.010353e-27    7.350966e-25               1       -2692.308
   1.441074e-08   -9.241144e-06    -0.005841017        23.82075
  -6.653203e-10    8.880247e-07       0.0104999        88.42035
      -2692.308       -2115.385
              0               0               0       -2115.385
  -1.167348e-06    7.271108e-05       0.9985314       -13.40088
   2.150707e-06    -0.001309624      0.05378812        94.23423
       436.2111        469.7658
  -2.010353e-27    7.350966e-25               1       -2692.308
   1.772041e-08   -1.043712e-05     -0.01155396       -6.663967
   3.274642e-09   -2.869411e-06     0.007986894        89.95265
      -2692.308       -2115.385
