              0               0               0        1173.077
  -4.131784e-06    0.0004660799      -0.8969214       -73.98642
   4.312081e-06    0.0006603451       0.4363347       -1.684914
      -134.5201       -100.8901
   2.578164e-24   -2.333275e-21               1        1173.077
  -2.487775e-07    0.0002732594     -0.07614688       -103.7799
   2.509809e-07   -0.0002456376      0.04173543        13.89988
       1173.077        1538.462
              0               0               0        1538.462
  -3.784091e-06    0.0004329997      -0.9028016       -74.50475
   3.311843e-06    0.0006346223       0.4238943       -7.985351
       -146.869       -110.1517
   2.578164e-24   -2.333275e-21               1        1173.077
  -1.931715e-07    0.0002097467     -0.05226728       -73.98642
   1.244257e-07   -0.0001122612     0.007163633       -1.684914
       1173.077        1538.462
