              0               0               0           -5000
  -3.196149e-06     0.000362548      -0.9878228       -50.42408
  -2.545787e-05     0.002221833       0.1542277       -4.848661
       553.6785        572.1168
   2.831483e-29   -4.900644e-26               1           -5000
   1.919669e-09    -3.60571e-06     -0.02274952       -68.53464
   2.470929e-08   -5.232801e-05      0.01146664       -1.409186
          -5000       -4423.077
              0               0               0       -4423.077
  -2.600737e-06    0.0003072327      -0.9898209       -61.38415
  -2.335686e-05     0.002109744        0.140412       -11.21607
        644.061        665.5015
   2.831483e-29   -4.900644e-26               1           -5000
   8.386462e-10   -1.301103e-06     -0.01852595       -50.42408
    1.97636e-08   -4.185568e-05     0.006532541       -4.848661
          -5000       -4423.077
