              0               0               0        4423.077
  -1.757475e-07    2.504271e-05      -0.9788462        185.6039
   8.255752e-07   -0.0001192931       -0.204587        5.566896
      -303.0789       -281.4304
  -1.362311e-27    6.195073e-40               1        4423.077
   5.450613e-09    1.622241e-06     -0.03721169        164.4233
  -3.761693e-08   -1.425915e-05      0.03005987        1.090364
       4423.077            5000
              0               0               0            5000
  -2.794002e-07     3.06593e-05      -0.9759035        162.7237
   1.254447e-06    -0.000136937      -0.2181941        10.56986
      -260.9614       -242.3213
  -1.362311e-27    6.195073e-40               1        4423.077
   6.100938e-09    1.886848e-06     -0.04277819        185.6039
  -3.817976e-08   -1.460981e-05      0.02980831        5.566896
       4423.077            5000
