              0               0               0       -1173.077
   5.279181e-06    -8.92179e-05       0.9959285        80.30845
  -2.784799e-06   -0.0006885833      0.05439654        106.4934
       573.9301        609.8008
    7.61619e-25   -4.849574e-23               1       -1173.077
  -9.862649e-07    0.0001376821      0.01530239        116.1619
   9.408417e-07   -0.0005562142      -0.1078989        107.4301
      -1173.077       -1019.231
              0               0               0       -1019.231
   7.882031e-06   -0.0002618257       0.9915715        90.13451
  -3.482836e-06   -0.0009408859      -0.1070971        84.95786
        453.099        481.4177
    7.61619e-25   -4.849574e-23               1       -1173.077
  -1.515481e-06    0.0002981648      0.05386726        80.30845
   2.316471e-07   -0.0004079492     -0.08270253        106.4934
      -1173.077       -1019.231
