              0               0               0        557.6923
   0.0001633845    -0.004595416     -0.00258863       -84.41164
   2.436479e-06   -7.478411e-05       0.9992153        25.93467
      -19.72242               0
   2.146718e-21   -7.814377e-19               1        557.6923
  -1.109445e-06   -0.0001812397    -0.001462944       -84.99679
   3.597133e-06    -0.000994829     -0.05811959        45.63122
       557.6923        711.5385
              0               0               0        711.5385
   0.0002195087     0.002823033      -0.2825426       -90.64224
  -3.179842e-05     0.001563176       0.9655125        9.663087
      -16.86833               0
   2.146718e-21   -7.814377e-19               1        557.6923
  -4.289193e-07   -0.0001691633    -0.004321791       -84.41164
   3.367861e-06   -0.0008628544     -0.05273116        25.93467
       557.6923        711.5385
