              0               0               0       -711.5385
   1.049548e-05     0.002327737      -0.6822188       -95.48625
    2.54802e-06     0.002101736       0.7301997       -10.88164
       618.7313        635.4791
  -4.461828e-23    4.351327e-21               1       -711.5385
   2.402531e-06    -0.001904201       0.4644812       -106.2097
   2.942088e-06   -0.0002221559      -0.2151773        1.949036
      -711.5385       -557.6923
              0               0               0       -557.6923
   1.938959e-06     0.004353377      -0.4730429        -64.1401
  -1.574274e-05     0.002320085       0.8814069        -41.7442
       654.3129        671.8058
  -4.461828e-23    4.351327e-21               1       -711.5385
   1.962406e-06     -0.00166389       0.4132855       -95.48625
   2.463044e-06     3.08384e-05      -0.2636479       -10.88164
      -711.5385       -557.6923
