              0               0               0        307.6923
     1.4311e-05     0.001403017      -0.9515754       -14.19317
  -3.648328e-06      0.00438131       0.3080076       -75.08257
       -135.766       -118.7953
  -1.867855e-21    6.194539e-19               1        307.6923
   7.158938e-07   -0.0001576229     -0.04006522        -29.8681
   5.719094e-07   -0.0001888071      -0.0219562       -68.61144
       307.6923        557.6923
              0               0               0        557.6923
   1.771698e-05     0.001826619      -0.9216179       -21.21988
  -5.237522e-07     0.004334383       0.3885866       -86.31066
      -157.7793       -138.0569
  -1.867855e-21    6.194539e-19               1        307.6923
   5.115252e-07   -0.0001103705     -0.03248455       -14.19317
   8.545906e-07   -0.0002545354     -0.03469043       -75.08257
       307.6923        557.6923
