              0               0               0        3269.231
  -7.812906e-06    0.0003686575      -0.9755417       -43.51336
   3.845608e-06    0.0009580923       0.2076417       -14.72728
      -110.7159       -83.03694
   6.811555e-27   -9.431384e-24               1        3269.231
   9.578415e-10   -1.168753e-06      0.01820003        -70.3986
   3.407955e-09   -5.420805e-07     0.001933493       -8.164399
       3269.231        3846.154
              0               0               0        3846.154
   -9.86793e-06    0.0003936472      -0.9763885       -35.99218
   4.892125e-06     0.001005904       0.2034564        -12.3109
      -99.15339       -74.36504
   6.811555e-27   -9.431384e-24               1        3269.231
   8.081973e-10     -1.2347e-06      0.01348003       -43.51336
   5.669428e-09   -2.632394e-06     0.003820073       -14.72728
       3269.231        3846.154
