              0               0               0        1538.462
  -1.771584e-06    0.0001288015       0.9973819       -44.86593
  -1.181769e-06   -0.0006519671     0.007184714        104.0434
       147.1246        183.9057
  -3.610124e-25    4.927898e-22               1        1538.462
  -8.426233e-09    2.189656e-05     -0.02148875       -8.094984
   4.662886e-10    2.626998e-06     -0.01927298        103.3668
       1538.462        2115.385
              0               0               0        2115.385
   -1.85751e-06    0.0002294234       0.9878556       -48.36541
   -1.84773e-06    -0.000677639       0.1380037        89.39588
       135.0523        168.8154
  -3.610124e-25    4.927898e-22               1        1538.462
  -8.288001e-09    2.190468e-05      -0.0159445       -44.86593
  -1.410616e-09    1.003316e-05     -0.03070788        104.0434
       1538.462        2115.385
