              0               0               0        2115.385
    8.36744e-05    -0.006466002        1.082636       -146.9465
   3.094353e-05     -0.00326863       0.3559636         66.7011
       33.76308        67.52617
   9.672408e-26   -1.320394e-22               1        2115.385
   -3.45653e-09    7.599207e-06      0.01306213       -114.5438
  -4.981519e-09    1.579031e-05     -0.02888438        76.18442
       2115.385        2692.308
              0               0               0        2692.308
   9.904204e-05     -0.00691037        1.058396       -134.0239
   4.412043e-05    -0.004055968       0.4252172        53.29955
       30.73933        61.47865
   9.672408e-26   -1.320394e-22               1        2115.385
  -3.715264e-09    7.453038e-06      0.01933602       -146.9465
  -6.598004e-09    1.981338e-05     -0.03246406         66.7011
       2115.385        2692.308
