              0               0               0        2115.385
   -4.43141e-08    4.127755e-05       0.9969953       -14.82232
  -1.881703e-06   -0.0008647942      0.08592642        93.21173
       168.8154        202.5785
   9.672408e-26   -1.320394e-22               1        2115.385
  -2.126418e-09    6.915394e-06     -0.01007139        18.88467
   8.189933e-10   -5.470888e-07     -0.01073577        95.05463
       2115.385        2692.308
              0               0               0        2692.308
    8.80156e-08    0.0001075591       0.9892908       -15.54667
  -2.616601e-06   -0.0009417032       0.1507102        85.16918
       153.6966         184.436
   9.672408e-26   -1.320394e-22               1        2115.385
    -2.5152e-09    7.312698e-06    -0.004637258       -14.82232
  -4.367346e-10    3.434036e-06     -0.01577623        93.21173
       2115.385        2692.308
