              0               0               0       -4423.077
   4.682766e-08   -2.091102e-05      -0.9796092       -166.3903
    1.80922e-07   -0.0001019692       0.2009205        10.30897
       751.2638        772.7044
   2.831483e-29     1.28761e-41               1       -4423.077
   4.186099e-09   -1.377248e-06     -0.05229814       -187.4028
   2.615642e-08   -1.093715e-05     -0.02226477        14.57173
      -4423.077       -3846.154
              0               0               0       -3846.154
   5.114397e-07    2.410943e-05      -0.9801417       -193.1836
   2.058871e-06    0.0001249315       0.1983738       -1.868009
       858.1094        882.6649
   2.831483e-29     1.28761e-41               1       -4423.077
   4.187683e-09   -1.318294e-06     -0.04707499       -166.3903
   2.822338e-08   -1.148338e-05     -0.02387561        10.30897
      -4423.077       -3846.154
