              0               0               0        711.5385
   1.705044e-05     0.001955646      -0.8524013       -40.71829
   7.172463e-06     0.003148961       0.5226171       -55.76301
        -101.21       -84.34167
  -5.749011e-22    2.093553e-19               1        711.5385
  -2.005328e-06      0.00026169       0.1252361       -54.45858
  -5.465309e-06     0.001269185       0.1430619        -46.0169
       711.5385        865.3846
              0               0               0        865.3846
   6.886257e-07    0.0001624482       -0.991891       -16.93381
   4.620439e-06     0.001180346       0.1259913       -16.82476
      -117.5538       -97.96148
  -5.749011e-22    2.093553e-19               1        711.5385
  -2.316629e-06     0.000400594       0.1478007       -40.71829
   -6.29335e-06     0.001338044       0.1962007       -55.76301
       711.5385        865.3846
