              0               0               0       -2692.308
   -1.97274e-06    0.0003004164       0.9838554       -67.42711
    1.06312e-06    -0.001627159       0.1781932        84.90002
       335.8466        366.3781
  -2.010353e-27    7.350966e-25               1       -2692.308
   2.062163e-08   -1.128447e-05     -0.01701924       -37.16463
   7.564318e-09   -6.739937e-06     0.004978071        88.85399
      -2692.308       -2115.385
              0               0               0       -2115.385
  -1.685601e-06    0.0003620637       0.9710318       -79.70617
   9.998181e-07    -0.001462741       0.2382234         84.5508
       369.1017        402.6564
  -2.010353e-27    7.350966e-25               1       -2692.308
   2.315386e-08   -1.178999e-05     -0.02218832       -67.42711
   1.184657e-08   -1.056068e-05     0.001544365        84.90002
      -2692.308       -2115.385
