              0               0               0               0
  -3.905075e-06    -0.003821973       0.5892552         107.319
   1.404888e-05    -0.002775864      -0.8080176        91.08662
        272.706        289.7501
   8.523301e-22   -1.673124e-19               1               0
  -3.579161e-07    9.893531e-05     0.001442426        116.2327
   6.789182e-07   -0.0002150532    0.0006872926        76.57784
              0        307.6923
              0               0               0        307.6923
  -2.114982e-05    -0.003225524       0.5931186        106.5849
   5.354413e-07    -0.002335179      -0.8054585         90.5431
       271.4845        288.4522
   8.523301e-22   -1.673124e-19               1               0
  -3.263912e-07    9.571533e-05   -0.0009356601         107.319
   6.500718e-07    -0.000210286     0.001391683        91.08662
              0        307.6923
