              0               0               0       -1173.077
   2.182444e-06   -0.0004756183      -0.8746541        116.0951
  -2.891216e-07    0.0006095342      -0.4793798      -0.7935277
       860.6383        896.4447
    7.61619e-25   -4.849574e-23               1       -1173.077
   4.039686e-07   -0.0001826681     -0.02611504        84.26726
   6.683817e-07   -4.509205e-06      0.01738292       -17.19019
      -1173.077       -1019.231
              0               0               0       -1019.231
   3.352347e-06   -0.0004674674       -0.940168        104.2722
  -9.820059e-07    0.0008489106      -0.3329664       -3.432489
       679.4486        707.7174
    7.61619e-25   -4.849574e-23               1       -1173.077
   5.934747e-07    -0.000264019     -0.05027708        116.0951
   1.110342e-06   -0.0001796179     -0.01579999      -0.7935277
      -1173.077       -1019.231
