              0               0               0       -1173.077
    1.94931e-07   -0.0002377701      -0.9174697        51.72226
   4.576233e-07    0.0005244491      -0.3973496       -32.11334
       932.2511        968.0575
    7.61619e-25   -4.849574e-23               1       -1173.077
  -1.009567e-09    1.133076e-06      0.02604322        18.57507
  -3.032459e-07    0.0003409394      0.08206318        -45.6476
      -1173.077       -1019.231
              0               0               0       -1019.231
   4.964005e-07   -0.0001956845      -0.9692703        50.15005
   4.066675e-07    0.0007226247      -0.2452543       -19.71077
       735.9861        764.2548
    7.61619e-25   -4.849574e-23               1       -1173.077
   2.077381e-07   -9.406412e-05   -0.0006648526        51.72226
   1.972841e-07    0.0001686229      0.05000529       -32.11334
      -1173.077       -1019.231
