              0               0               0       -711.5385
  -2.678908e-06    0.0009858213       0.9392434       -36.63081
  -1.716129e-05     -0.00258625       0.3436404        106.0969
       116.9069        133.6078
  -4.461828e-23    4.351327e-21               1       -711.5385
   7.029426e-06    -0.002338004       0.1492297       -20.68204
   2.517219e-06    -0.001483139       0.3182336        111.0347
      -711.5385       -557.6923
              0               0               0       -557.6923
   -5.98151e-06     0.003305691        0.750259       -41.87306
  -3.114996e-05    -0.003593756       0.6617741        123.5671
       124.9269        142.7736
  -4.461828e-23    4.351327e-21               1       -711.5385
   7.095831e-06    -0.002423293        0.170791       -36.63081
   3.634318e-06    -0.001727254       0.2932684        106.0969
      -711.5385       -557.6923
