              0               0               0        3846.154
  -4.082923e-07   -2.527807e-05      -0.9832422        185.3849
   2.069423e-06    0.0001413034      -0.1822558       -13.77456
      -322.2485       -297.4602
  -1.362311e-27    2.357846e-24               1        3846.154
   4.565314e-09   -6.626751e-06     -0.02843424        160.9902
  -3.580683e-08     4.85021e-05     0.009453448       -18.17404
       3846.154        4423.077
              0               0               0        4423.077
  -4.482678e-08     1.36287e-05       -0.978009        164.4233
   3.633973e-07   -6.567573e-05      -0.2085913        1.090364
      -281.4304       -259.7819
  -1.362311e-27    2.357846e-24               1        3846.154
   5.450613e-09   -7.811513e-06     -0.03364095        185.3849
  -3.761693e-08    5.084707e-05     0.008951454       -13.77456
       3846.154        4423.077
