              0               0               0       -865.3846
   2.841695e-06   -8.161592e-06       -0.984675       -180.0297
   1.422042e-05   -2.822517e-05       0.1745937        14.77391
       790.5083        811.8583
   1.194898e-23   -1.163587e-21               1       -865.3846
  -5.961978e-06    0.0008474815       0.6270534       -201.0286
   3.067033e-06     -0.00163771      0.07095589        18.62702
      -865.3846       -711.5385
              0               0               0       -711.5385
   1.049548e-05     0.002327737      -0.6822188       -95.48625
    2.54802e-06     0.002101736       0.7301997       -10.88164
       618.7313        635.4791
   1.194898e-23   -1.163587e-21               1       -865.3846
   -5.05886e-06    0.0006709688       0.5660426       -180.0297
   4.293916e-06    -0.001950969      0.03175684        14.77391
      -865.3846       -711.5385
