              0               0               0       -1173.077
  -6.643908e-07   -0.0002236872       0.9101687       -372.4451
   5.836829e-07    0.0005091289       0.4141338       -94.97404
       71.74126        107.6119
    7.61619e-25   -4.849574e-23               1       -1173.077
  -4.203129e-06     0.001467091       0.3868933       -340.1152
  -8.360293e-06     0.001984226        0.369431       -79.43676
      -1173.077       -1019.231
              0               0               0       -1019.231
  -1.699815e-07   -0.0001922086       0.9642801       -288.3232
  -8.735051e-07    0.0007105645       0.2647769       -14.12799
       56.63738        84.95606
    7.61619e-25   -4.849574e-23               1       -1173.077
  -4.456449e-06     0.001556846       0.4127551       -372.4451
  -8.693224e-06     0.002150596       0.4003951       -94.97404
      -1173.077       -1019.231
