              0               0               0        307.6923
   -2.22122e-05    -0.002511691       0.8140721        82.57103
   6.223709e-07    -0.003658124      -0.5807002        114.3171
       237.5489        254.5167
  -1.867855e-21    6.194539e-19               1        307.6923
   6.154301e-07   -0.0001825496       -0.029713        95.55238
  -1.314404e-06    0.0003719852      0.05349664        103.4137
       307.6923        557.6923
              0               0               0        557.6923
  -4.970324e-06     -0.00342883       0.7992861        74.51857
   2.725979e-05    -0.004633304      -0.6006936        130.1021
       222.4059        238.2921
  -1.867855e-21    6.194539e-19               1        307.6923
   5.122367e-07   -0.0001580099     -0.02472214        82.57103
  -1.262796e-06    0.0003620102      0.05156235        114.3171
       307.6923        557.6923
