              0               0               0       -557.6923
   2.202064e-05     0.001777317      -0.9389799       -12.62869
  -2.291018e-06     0.004888796       0.3450322       -86.79829
       584.3414        601.8343
   8.804966e-23   -1.624172e-20               1       -557.6923
    1.66609e-06   -0.0008515587      0.04108241       -28.39242
  -2.258802e-06     0.001217171     -0.09464012       -79.27897
      -557.6923       -307.6923
              0               0               0       -307.6923
   1.622276e-05     0.002072595      -0.8903212       -30.62931
  -2.524229e-06     0.004048622       0.4564568       -71.24314
       570.2951        587.5752
   8.804966e-23   -1.624172e-20               1       -557.6923
   1.822237e-06   -0.0009358136      0.04806111       -12.62869
  -2.171552e-06     0.001175686     -0.09597893       -86.79829
      -557.6923       -307.6923
