              0               0               0       -4423.077
   1.248676e-06    1.971473e-06      -0.9999791       -18.62816
   8.226455e-06     0.001059157     0.004360968       -13.99812
       601.1798        622.6204
   2.831483e-29     1.28761e-41               1       -4423.077
   1.437083e-10    4.265015e-07     -0.01356994       -40.05507
   1.508094e-08   -5.924021e-06     -0.01949883       -13.33664
      -4423.077       -3846.154
              0               0               0       -3846.154
   4.988251e-07   -3.501146e-05      -0.9992008       -23.16468
   5.240853e-06    0.0007791455     -0.04029268       -23.21982
       686.2206        710.7761
   2.831483e-29     1.28761e-41               1       -4423.077
  -2.585884e-10    5.992576e-07    -0.008122946       -18.62816
   1.155109e-08   -4.460735e-06     -0.01725546       -13.99812
      -4423.077       -3846.154
