              0               0               0       -711.5385
   1.045202e-05     0.001038677       -0.925908       -40.57914
   7.792713e-06     0.002563576       0.3781694       -48.34829
       551.7403        568.4881
  -4.461828e-23    4.351327e-21               1       -711.5385
    2.40998e-07   -0.0009627885       0.3202127       -55.74558
   1.468963e-06     0.000539188      -0.3648492       -41.25915
      -711.5385       -557.6923
              0               0               0       -557.6923
   2.202064e-05     0.001777317      -0.9389799       -12.62869
  -2.291018e-06     0.004888796       0.3450322       -86.79829
       584.3414        601.8343
  -4.461828e-23    4.351327e-21               1       -711.5385
  -4.374781e-07   -0.0007339007       0.3049402       -40.57914
   1.137739e-06    0.0006505758      -0.3769423       -48.34829
      -711.5385       -557.6923
