              0               0               0        1019.231
   9.565745e-07    0.0002509381        0.986398        331.6743
   9.772502e-06     0.001581786      -0.1581599       -5.253603
       504.6271        531.1865
  -3.664376e-23    1.457923e-20               1        1019.231
  -3.351748e-06    0.0001412754       0.6731059        358.0673
   6.482454e-06    -0.001320642      -0.4675773       -8.155347
       1019.231        1173.077
              0               0               0        1173.077
   1.894535e-06    0.0003944751       0.9497432        420.2549
   6.922257e-06     0.001226932      -0.3094033       -78.97911
       639.9004        673.5794
  -3.664376e-23    1.457923e-20               1        1019.231
  -2.870904e-06    2.706885e-05       0.6395595        331.6743
   6.223124e-06    -0.001311779      -0.4246965       -5.253603
       1019.231        1173.077
