              0               0               0        865.3846
  -4.598706e-06    0.0002781326      -0.9539621        250.4547
   1.541688e-05    -0.000949716      -0.2978991        32.08911
      -391.8459       -372.2536
   1.528862e-22   -5.598364e-20               1        865.3846
   9.625754e-07   -0.0004103264       0.6891705        231.8366
   1.063921e-06    -0.001687314    -0.002437835        26.00397
       865.3846        1019.231
              0               0               0        1019.231
  -8.588498e-07    8.164272e-05      -0.9976072        358.0673
   1.033404e-05    -0.001007733     -0.06645741       -8.155347
      -530.3239       -503.8077
   1.528862e-22   -5.598364e-20               1        865.3846
   2.032688e-06   -0.0007968882       0.7739694        250.4547
    1.18832e-07    -0.001375488     -0.05278805        32.08911
       865.3846        1019.231
