              0               0               0       -3846.154
   1.000579e-07    1.801653e-05      -0.9824229       -144.9893
   3.756236e-07    9.951031e-05       0.1866165       -11.31143
       808.9983        833.5538
  -1.415742e-28    4.900644e-26               1       -3846.154
  -3.833261e-09    5.650279e-06     -0.03913877       -169.1009
  -3.992195e-08    3.867229e-05    -0.009222356       -6.663402
      -3846.154       -3269.231
              0               0               0       -3269.231
  -6.757485e-08    -1.11284e-05      -0.9840082       -163.4921
  -3.713307e-07   -6.346301e-05       0.1781611       -11.61741
       907.3791         934.853
  -1.415742e-28    4.900644e-26               1       -3846.154
  -3.358044e-09    5.069759e-06      -0.0338786       -144.9893
  -3.937603e-08    3.843259e-05    -0.009597081       -11.31143
      -3846.154       -3269.231
