              0               0               0        1538.462
   -2.15407e-07    2.478369e-05      -0.9987104        428.4867
  -4.448921e-06    0.0004893239      0.04927231       -90.80261
      -660.9103       -624.1931
  -3.610124e-25    4.927898e-22               1        1538.462
   3.252641e-09    -2.02984e-05     -0.02336167        391.8395
   9.906078e-09    -6.41144e-05        0.129467         -88.554
       1538.462        2115.385
              0               0               0        2115.385
   4.608749e-07   -4.439273e-05      -0.9965481         405.851
  -5.692948e-06    0.0005581408     -0.08223141       -30.94366
      -606.6808       -572.9763
  -3.610124e-25    4.927898e-22               1        1538.462
   2.545834e-09   -1.977478e-05     -0.02867393        428.4867
   1.221865e-08   -7.178119e-05       0.1411009       -90.80261
       1538.462        2115.385
