              0               0               0        711.5385
  -2.462578e-06    -0.002274223       0.8511279         85.5566
   1.515755e-05    -0.003646869      -0.5249719        109.8874
       235.9076        252.7581
  -5.749011e-22    2.093553e-19               1        711.5385
  -1.851566e-06     0.001187412       0.2200107        99.24104
   5.012747e-06    -0.001098224      -0.2703527        100.0784
       711.5385        865.3846
              0               0               0        865.3846
   9.357312e-07    1.790692e-05       0.9658936        135.5102
   3.836999e-06    6.222852e-05      -0.2589559        55.76682
       274.3343        293.9296
  -5.749011e-22    2.093553e-19               1        711.5385
  -1.682107e-06     0.001096548        0.195812         85.5566
   6.147989e-06    -0.001310005      -0.2957593        109.8874
       711.5385        865.3846
