              0               0               0       -2692.308
   4.848957e-07   -0.0001839874        1.003585       -393.2435
  -9.056219e-06     0.002264601     -0.01158866        7.880026
              0        30.53151
  -2.010353e-27    7.350966e-25               1       -2692.308
   4.422298e-08   -1.319889e-05     -0.06906404       -362.7602
   4.941079e-08   -4.314078e-05     -0.03974237        9.379461
      -2692.308       -2115.385
              0               0               0       -2115.385
   8.274786e-07   -0.0002907159        1.002264       -431.8408
  -7.166414e-06     0.002006954      0.05210534        -22.1571
              0         33.5547
  -2.010353e-27    7.350966e-25               1       -2692.308
   4.750586e-08   -1.416809e-05     -0.07453988       -393.2435
   5.205469e-08   -4.623172e-05      -0.0427181        7.880026
      -2692.308       -2115.385
