              0               0               0       -1019.231
   3.954363e-07   -0.0001043726       0.9244476       -181.5449
  -1.030196e-06    0.0002526972       0.3812824        23.45099
       169.9121        198.2308
   -3.17765e-24    3.030207e-22               1       -1019.231
    2.61334e-06   -0.0005026788       0.4044857       -155.4405
   8.142316e-06    -0.001651184       0.1647794        34.42766
      -1019.231       -865.3846
              0               0               0       -865.3846
   5.677713e-07   -0.0001044544       0.9705689       -116.3001
  -2.534783e-06    0.0004179862        0.240824        45.03136
        128.267        149.6449
   -3.17765e-24    3.030207e-22               1       -1019.231
   2.578286e-06   -0.0004836384       0.4374728       -181.5449
   8.024499e-06    -0.001740192       0.2180653        23.45099
      -1019.231       -865.3846
