              0               0               0               0
  -1.394445e-05     0.001414544       0.9515146       -14.06222
   4.561608e-07    -0.004446176       0.3085163        130.3659
        136.353        153.3971
   8.523301e-22   -1.673124e-19               1               0
  -1.714127e-07    9.946987e-05     -0.01534557        2.497399
   4.254419e-07   -0.0001044813     -0.00971512         134.335
              0        307.6923
              0               0               0        307.6923
  -1.101497e-05     0.001327894       0.9525579        -14.2917
  -1.901156e-05    -0.004120096       0.3082786        129.8956
       135.7422          152.71
   8.523301e-22   -1.673124e-19               1               0
  -1.324049e-07    8.905501e-05     -0.01561198       -14.06222
   3.871711e-07   -7.757481e-05     -0.01431457        130.3659
              0        307.6923
