              0               0               0        557.6923
   1.771698e-05     0.001826619      -0.9216179       -21.21988
  -5.237522e-07     0.004334383       0.3885866       -86.31066
      -157.7793       -138.0569
   2.146718e-21   -7.814377e-19               1        557.6923
    3.89832e-07    0.0003792975      0.01535343       -38.54999
   2.500911e-06    0.0002401249    -0.009126751       -76.96485
       557.6923        711.5385
              0               0               0        711.5385
   1.645293e-05     0.001041584      -0.9661883       -9.868319
   5.804707e-06     0.003949504       0.2597246       -69.11167
      -134.9467       -118.0783
   2.146718e-21   -7.814377e-19               1        557.6923
   9.929543e-07    0.0002732734       0.0082412       -21.21988
   2.284394e-06    0.0003864076    -0.001722372       -86.31066
       557.6923        711.5385
