              0               0               0       -2115.385
    5.72287e-07   -0.0001821704       0.9641468       -333.1037
  -2.523279e-06    0.0006480147       0.2653247       -3.582895
       100.6641        134.2188
   7.503431e-27   -2.744361e-24               1       -2115.385
  -1.172898e-07    5.158206e-05     -0.03126596       -300.9355
  -2.148486e-07    3.551707e-05     -0.02768756        5.954276
      -2115.385       -1538.462
              0               0               0       -1538.462
   7.086348e-07   -0.0002378036       0.9234684       -357.8392
  -1.949156e-06    0.0005623321       0.3836755       -54.15249
       109.7894        146.3859
   7.503431e-27   -2.744361e-24               1       -2115.385
  -1.219305e-07    5.517421e-05     -0.03412292       -333.1037
  -2.342596e-07    3.838041e-05      -0.0318255       -3.582895
      -2115.385       -1538.462
