              0               0               0        2115.385
  -5.875059e-07    0.0001855328       0.9626113        373.7432
  -8.346245e-07    0.0006452678       -0.270885       -5.836462
       573.9724        607.7355
   9.672408e-26   -1.320394e-22               1        2115.385
   7.628168e-09   -1.325846e-05     -0.05193415        406.4328
   1.722599e-08    -4.78386e-05      0.06808496       -14.27893
       2115.385        2692.308
              0               0               0        2692.308
  -4.940714e-07    0.0001494027       0.9781311        343.3287
  -3.230802e-07    0.0006814217       -0.207986        18.14489
       522.5685        553.3079
   9.672408e-26   -1.320394e-22               1        2115.385
    6.43896e-09   -1.112176e-05     -0.04844517        373.7432
    1.54016e-08   -4.341206e-05      0.06148683       -5.836462
       2115.385        2692.308
