              0               0               0        865.3846
  -3.683022e-06    3.582575e-05       0.9996764        20.29709
   8.302531e-06    -0.002703033      0.01846619        77.01639
       156.7624        176.3577
   1.528862e-22   -5.598364e-20               1        865.3846
   8.827359e-07   -0.0001701243       0.2610981         39.8721
    -6.1169e-06     0.002111353      -0.1835057        76.40281
       865.3846        1019.231
              0               0               0        1019.231
  -2.940127e-06   -0.0002405168         0.98977        53.16589
  -2.167106e-06    -0.001720173      -0.1432485        80.92897
       212.4746        239.0339
   1.528862e-22   -5.598364e-20               1        865.3846
   1.196429e-06   -0.0002794215       0.2283172        20.29709
  -5.781841e-06     0.002060114      -0.1546606        77.01639
       865.3846        1019.231
