              0               0               0       -557.6923
  -3.157909e-06    -0.004548082       0.3238615         118.254
   1.561293e-05    -0.001570065      -0.9463516         77.4704
       321.2406        339.0873
   8.804966e-23   -1.624172e-20               1       -557.6923
  -6.397284e-07    0.0003265232     -0.02332636        122.5673
     1.8941e-06    -0.000973749      0.06291945        60.16982
      -557.6923       -307.6923
              0               0               0       -307.6923
  -1.421099e-05    -0.004216447       0.2986594        123.3188
   1.344628e-05    -0.001368171      -0.9544858        61.47099
       311.0881        328.3707
   8.804966e-23   -1.624172e-20               1       -557.6923
  -5.970046e-07    0.0002948532     -0.01614123         118.254
   1.968249e-06     -0.00101943      0.06784426         77.4704
      -557.6923       -307.6923
