              0               0               0        2692.308
   2.923364e-06    9.383635e-05      -0.9821384       -21.85891
   1.696049e-06    0.0006985762       0.1920517       -23.52892
      -153.4292       -122.7434
  -2.588391e-26    3.536769e-23               1        2692.308
   6.383437e-10   -2.339525e-06      0.01554208       -51.82383
  -4.574887e-09     5.28568e-06     0.002289331       -16.92885
       2692.308        3269.231
              0               0               0        3269.231
   3.465373e-06    8.090357e-05      -0.9879851        -16.3024
   2.000757e-06    0.0007919556       0.1592022         -19.783
      -138.3949       -110.7159
  -2.588391e-26    3.536769e-23               1        2692.308
   8.204579e-10   -2.667924e-06      0.01089739       -21.85891
  -5.330452e-09     4.11614e-06      0.00589242       -23.52892
       2692.308        3269.231
