              0               0               0       -3269.231
   1.565664e-07    0.0002651239       0.9739224       -84.19391
  -8.855188e-06    -0.001074233       0.2271246        76.42243
       275.1093        302.6202
   5.379818e-28   -1.960258e-25               1       -3269.231
  -7.050494e-09    4.127868e-07     -0.01562455       -57.19648
   -6.14197e-09    6.965203e-08     0.007596882        81.67342
      -3269.231       -2692.308
              0               0               0       -2692.308
   2.954256e-07     0.000273357       0.9663373       -97.19407
   -7.14161e-06   -0.0009730268       0.2575808        78.14598
       305.3151        335.8466
   5.379818e-28   -1.960258e-25               1       -3269.231
  -7.235866e-09    5.881591e-07     -0.02046455       -84.19391
  -8.789015e-09    8.291498e-07     0.005434461        76.42243
      -3269.231       -2692.308
