              0               0               0        1173.077
   1.411288e-08   -3.883487e-06      -0.9975369        251.5084
   2.341615e-07    -5.62805e-05      0.07005685       -73.55122
      -470.8203       -437.1903
   2.578164e-24   -2.333275e-21               1        1173.077
   5.335741e-07    -0.000603433       0.2239343        217.9574
  -8.859323e-07    0.0009368361      -0.2468599       -71.24995
       1173.077        1538.462
              0               0               0        1538.462
   1.550163e-08   -4.073101e-06      -0.9983812        281.9085
   3.048059e-07   -7.286724e-05      0.05681504       -81.59521
      -514.0414       -477.3241
   2.578164e-24   -2.333275e-21               1        1173.077
   6.325934e-07   -0.0007127091       0.2591581        251.5084
  -9.872251e-07     0.001040427      -0.2703708       -73.55122
       1173.077        1538.462
