              0               0               0        307.6923
   1.532398e-05    -0.004401788      -0.3244093        122.3302
   6.350521e-06     0.001540427       -0.944985       -5.934364
      -305.4735       -288.5028
  -1.867855e-21    6.194539e-19               1        307.6923
  -1.618567e-07    1.127662e-05    -0.002998648        115.6319
  -1.465437e-06    0.0003244314      0.04972971       -21.49678
       307.6923        557.6923
              0               0               0        557.6923
   5.297654e-06    -0.004864869      0.01653432        114.5836
   1.844799e-05   -0.0002355958      -0.9981633        7.951463
      -355.0035       -335.2811
  -1.867855e-21    6.194539e-19               1        307.6923
   3.726893e-07   -0.0001222746     -0.02371094        122.3302
  -1.837602e-06    0.0004197078      0.06546649       -5.934364
       307.6923        557.6923
