              0               0               0        865.3846
   -1.29056e-05    0.0005814927       -0.969364       -55.46653
   7.910615e-06     0.001518185       0.2357547       -9.823781
      -78.36919       -58.77689
   1.528862e-22   -5.598364e-20               1        865.3846
   1.056228e-06   -0.0005040708     -0.03553556       -74.33245
   1.501616e-06   -0.0005203661       0.1064476       -4.562545
       865.3846        1019.231
              0               0               0        1019.231
  -8.514372e-06    0.0004815557      -0.9527208       -62.80137
   4.379226e-06    0.0009742017       0.2949253       -3.621386
      -106.0648       -79.54859
   1.528862e-22   -5.598364e-20               1        865.3846
   1.284314e-06   -0.0006137605      0.01635031       -55.46653
   2.214923e-06   -0.0009035066       0.1268924       -9.823781
       865.3846        1019.231
