              0               0               0       -3846.154
   2.710542e-07   -5.497911e-05       -0.996991        1.346122
   2.311849e-07    0.0007621148     -0.07813917       -21.76403
        661.665        686.2206
  -1.415742e-28    4.900644e-26               1       -3846.154
   9.296215e-10    1.517008e-07      -0.0076897       -23.16468
  -1.515527e-08    1.553154e-05     -0.01086845       -23.21982
      -3846.154       -3269.231
              0               0               0       -3269.231
   2.937579e-07   -5.264704e-05      -0.9974348      0.06501765
  -6.818124e-07     0.000811998     -0.07183221       -25.85599
       742.5358        770.0096
  -1.415742e-28    4.900644e-26               1       -3846.154
   1.121407e-09   -2.066956e-07    -0.002474584        1.346122
  -1.129194e-08    1.188046e-05     -0.01018842       -21.76403
      -3846.154       -3269.231
