              0               0               0        1019.231
   7.021982e-07   -5.499786e-05      -0.9961942        305.2633
  -7.903361e-06    0.0006363845      -0.0861509        -12.9726
      -477.2916       -450.7754
  -3.664376e-23    1.457923e-20               1        1019.231
  -2.110334e-06   -7.021958e-05       0.5370492        278.8225
   5.026819e-06   -0.0009659116      -0.4016256        -14.9569
       1019.231        1173.077
              0               0               0        1173.077
  -3.248118e-07    3.405439e-05      -0.9979572        385.6342
   -4.87248e-06    0.0005049112      0.06284352       -83.80211
      -605.3404       -571.7104
  -3.664376e-23    1.457923e-20               1        1019.231
  -2.443413e-06   -3.108368e-05       0.5850248        305.2633
   5.494013e-06    -0.001076316      -0.4248406        -12.9726
       1019.231        1173.077
