              0               0               0       -2692.308
  -5.695238e-08   -6.809714e-06      -0.9892732       -182.0527
  -3.792285e-07   -4.842194e-05       0.1461254       -22.52776
       1006.925        1037.409
  -2.010353e-27    7.350966e-25               1       -2692.308
    2.43142e-08   -3.930593e-06     -0.03928227       -212.2179
    2.42062e-08   -1.825173e-05     -0.03254517       -18.12898
      -2692.308       -2115.385
              0               0               0       -2115.385
  -1.672803e-08   -4.017979e-06      -0.9964404       -198.1338
  -1.864831e-07   -5.112264e-05      0.08437899       -41.09415
       1106.599          1140.1
  -2.010353e-27    7.350966e-25               1       -2692.308
   2.091828e-08    -2.62265e-06     -0.03332324       -182.0527
   2.103908e-08    -1.51404e-05     -0.03044954       -22.52776
      -2692.308       -2115.385
