              0               0               0       -711.5385
  -3.527721e-06    -0.002050342      -0.7782322        101.6641
   2.132352e-05     0.002502785      -0.6277048       -29.68846
       401.0106        417.7583
  -4.461828e-23    4.351327e-21               1       -711.5385
  -2.322883e-06     0.000255383       0.1486133        88.03878
  -3.683335e-06     0.001325926      -0.1355048       -39.39894
      -711.5385       -557.6923
              0               0               0       -557.6923
   3.974276e-06    -0.004215953      -0.3661772        116.1629
   1.404317e-05     0.001627934      -0.9300316       -26.57958
       426.9055        444.3984
  -4.461828e-23    4.351327e-21               1       -711.5385
  -1.843986e-06    0.0002592747      0.09799823        101.6641
  -4.007805e-06     0.001277807     -0.08151866       -29.68846
      -711.5385       -557.6923
