              0               0               0        1173.077
  -1.514371e-06   -0.0001164051       0.9921974        21.90469
  -2.460861e-06    -0.001051055      -0.1235669        96.40764
       202.0738        235.7528
   2.578164e-24   -2.333275e-21               1        1173.077
    4.79677e-07   -0.0005062325       0.1477628        55.13099
   1.378542e-08   -2.795809e-05      0.01966192        90.95985
       1173.077        1538.462
              0               0               0        1538.462
  -1.242003e-06    -9.35448e-05       0.9937734        28.57158
  -1.960434e-06    -0.000972225      -0.1101077        100.5466
       220.6869         257.468
   2.578164e-24   -2.333275e-21               1        1173.077
   3.909845e-07   -0.0004074698       0.1149307        21.90469
   1.259793e-07   -0.0001433234       0.0468769        96.40764
       1173.077        1538.462
