              0               0               0        2115.385
   7.502029e-07   -0.0003771452       0.9694791        119.2967
   6.197525e-06    -0.001473152      -0.2444026        84.34129
       303.8677        337.6308
   9.672408e-26   -1.320394e-22               1        2115.385
   1.678875e-10    2.445941e-06     -0.02720971        151.6282
   5.353566e-09   -1.609332e-05      0.01355246        74.64872
       2115.385        2692.308
              0               0               0        2692.308
   4.074877e-08   -0.0002883845       0.9833406        106.8207
   5.431273e-06    -0.001525409      -0.1810869        84.98905
       276.6539        307.3933
   9.672408e-26   -1.320394e-22               1        2115.385
  -5.275386e-10    4.073781e-06     -0.02379961        119.2967
   4.365617e-09   -1.234935e-05     0.006794359        84.34129
       2115.385        2692.308
