              0               0               0        1019.231
   8.707986e-06   -0.0003899236       0.9894198       -78.85301
   6.687377e-06    -0.001413312       0.2033729        74.62815
       79.67797        106.2373
  -3.664376e-23    1.457923e-20               1        1019.231
  -9.995126e-07    0.0002770446      0.02910769        -52.6866
  -4.336742e-07   -0.0001525103       0.1722052        79.15794
       1019.231        1173.077
              0               0               0        1173.077
   5.875962e-06   -0.0004609133        1.008435        -78.9555
   4.182138e-06    -0.001087134      0.05349793        99.73377
       101.0369        134.7159
  -3.664376e-23    1.457923e-20               1        1019.231
  -6.492083e-07    0.0002378276     -0.02188915       -78.85301
  -9.137109e-07   -2.807117e-05       0.1891314        74.62815
       1019.231        1173.077
