              0               0               0       -307.6923
  -1.421099e-05    -0.004216447       0.2986594        123.3188
   1.344628e-05    -0.001368171      -0.9544858        61.47099
       311.0881        328.3707
  -2.352002e-22    4.979552e-20               1       -307.6923
    2.78109e-07    -0.000153273       0.0199862        127.1476
  -7.354382e-07    0.0004468259     -0.06881133        44.63568
      -307.6923               0
              0               0               0               0
  -3.346443e-07    -0.004316256       0.3134553        122.8006
    1.14608e-05    -0.001392749      -0.9492049        60.86844
       306.7942        323.8383
  -2.352002e-22    4.979552e-20               1       -307.6923
   2.747861e-07   -0.0001529002      0.01934702        123.3188
  -7.359422e-07    0.0004567571     -0.07282393        61.47099
      -307.6923               0
