              0               0               0        1538.462
   3.703965e-07    0.0001131799       0.8822314        298.2607
   8.422094e-07    0.0002108467      -0.4708224       -10.74165
        514.936        551.7172
  -3.610124e-25    4.927898e-22               1        1538.462
   2.146098e-09   -1.082634e-05     -0.03164938        330.8817
   1.587911e-08    -6.27214e-05       0.1044704       -27.73188
       1538.462        2115.385
              0               0               0        2115.385
    4.08474e-07    8.581827e-05       0.9363144        277.7047
   1.319508e-06    0.0002270455      -0.3511746        26.25959
       472.6832        506.4462
  -3.610124e-25    4.927898e-22               1        1538.462
   9.144803e-10   -6.828128e-06     -0.03199544        298.2607
   1.459362e-08   -5.675032e-05       0.0920187       -10.74165
       1538.462        2115.385
