              0               0               0       -557.6923
   2.253984e-06     0.004235091      -0.6232799       -54.54515
  -2.062258e-05      0.00340233       0.7813053       -56.34221
       636.8201        654.3129
   8.804966e-23   -1.624172e-20               1       -557.6923
   1.476974e-06   -0.0007581638      0.04066191        -64.1401
  -2.189814e-06     0.001167628     -0.07926844        -41.7442
      -557.6923       -307.6923
              0               0               0       -307.6923
   1.824081e-05     0.003695452      -0.5820711       -69.42147
  -1.033556e-05     0.002734724        0.812899       -37.61067
       622.1355        639.4156
   8.804966e-23   -1.624172e-20               1       -557.6923
   1.479932e-06   -0.0007555806      0.03689411       -54.54515
   -2.24469e-06     0.001200035     -0.08478958       -56.34221
      -557.6923       -307.6923
