              0               0               0           -5000
   -0.000241148     0.009432013       -1.022996        112.8737
  -0.0001938258      0.01157435      -0.5093831        12.26966
       387.7337         406.172
   2.831483e-29   -4.900644e-26               1           -5000
  -1.491209e-09    3.558414e-06       0.0204216        95.70633
   1.737692e-09   -2.731006e-06    -0.003256625        5.597451
          -5000       -4423.077
              0               0               0       -4423.077
  -0.0001838966     0.008303591       -1.019237        128.2344
  -0.0001433769      0.01012869       -0.527219         11.2042
       451.0959        472.5364
   2.831483e-29   -4.900644e-26               1           -5000
  -1.527712e-09    3.578794e-06      0.02506912        112.8737
   8.790489e-10   -7.652741e-07     -0.00169788        12.26966
          -5000       -4423.077
