              0               0               0        865.3846
   4.376695e-06   -0.0003234525      -0.9913471        61.22245
  -1.121178e-05     0.002469271      -0.1281739       -17.86471
       -195.923       -176.3307
   1.528862e-22   -5.598364e-20               1        865.3846
   8.897982e-07   -0.0005060944       0.2227457        41.70844
   4.412464e-06    -0.002260057       0.1879362       -19.51241
       865.3846        1019.231
              0               0               0        1019.231
   1.631699e-06   -3.255978e-05      -0.9996493        93.73786
  -4.924221e-06     0.001701689     -0.01490239        -28.7339
       -265.162       -238.6458
   1.528862e-22   -5.598364e-20               1        865.3846
   6.670348e-07   -0.0004144517       0.2593241        61.22245
   4.561139e-06    -0.002410354       0.1922181       -17.86471
       865.3846        1019.231
