              0               0               0        865.3846
  -8.209811e-07    7.291473e-05       0.9676732        154.4511
  -3.537957e-06      0.00028779      -0.2520972        50.74527
       293.9296        313.5249
   1.528862e-22   -5.598364e-20               1        865.3846
  -7.766198e-07     0.000290042       0.4999845        173.4348
  -4.402563e-06    0.0008366622      -0.2329965        45.88923
       865.3846        1019.231
              0               0               0        1019.231
   7.971259e-08     0.000154611       0.9461459        229.1529
   8.294861e-07    0.0004490427      -0.3236956        22.07994
       398.3899        424.9492
   1.528862e-22   -5.598364e-20               1        865.3846
  -8.256101e-07    0.0003328429        0.453896        154.4511
  -5.110927e-06     0.001215351      -0.2523331        50.74527
       865.3846        1019.231
