              0               0               0       -307.6923
  -1.171797e-05     -0.00364689       0.5816151        107.9919
   1.006866e-05    -0.002599328      -0.8141147        92.28228
       276.5227        293.8054
  -2.352002e-22    4.979552e-20               1       -307.6923
   2.836051e-07    -0.000162854      0.02110973         116.894
  -7.374193e-07    0.0004656416     -0.07641683        77.48779
      -307.6923               0
              0               0               0               0
  -3.905075e-06    -0.003821973       0.5892552         107.319
   1.404888e-05    -0.002775864      -0.8080176        91.08662
        272.706        289.7501
  -2.352002e-22    4.979552e-20               1       -307.6923
   2.978594e-07   -0.0001792318      0.02476173        107.9919
  -7.391739e-07    0.0004720284     -0.07914446        92.28228
      -307.6923               0
