              0               0               0       -557.6923
   1.097393e-05    -0.003107872       -0.764976        86.00157
   1.112657e-05     0.003702721      -0.6441825       -68.86384
       479.3841         496.877
   8.804966e-23   -1.624172e-20               1       -557.6923
   2.252847e-06    -0.001183631      0.08147006        71.72766
   -5.78419e-07    0.0003433762     -0.04499617       -78.93985
      -557.6923       -307.6923
              0               0               0       -307.6923
   1.363745e-05    -0.002156589      -0.8885955        69.24762
    4.08874e-06     0.004180515      -0.4585244       -71.11173
       466.6143        483.8944
   8.804966e-23   -1.624172e-20               1       -557.6923
   2.116447e-06    -0.001115956      0.07969517        86.00157
  -1.142723e-07    9.853164e-05     -0.02648245       -68.86384
      -557.6923       -307.6923
