              0               0               0        4423.077
    8.87799e-07   -6.321963e-06       0.9702047        141.9437
   3.666235e-06   -3.046466e-05      -0.2422221        58.67996
       260.1815        281.8633
  -1.362311e-27    6.195073e-40               1        4423.077
   8.215051e-10    4.137092e-07     -0.03567959        162.9855
   1.642853e-09   -5.038511e-07    -0.003597669        53.45119
       4423.077            5000
              0               0               0            5000
   1.157415e-06    -7.65462e-06       0.9734558        124.5202
   5.032702e-06   -3.590603e-05      -0.2288452        55.77501
       224.0039        242.6709
  -1.362311e-27    6.195073e-40               1        4423.077
   1.000137e-09    5.158419e-07     -0.03083111        141.9437
   2.057757e-09   -2.059618e-07    -0.005601327        58.67996
       4423.077            5000
