              0               0               0       -1019.231
   3.352347e-06   -0.0004674674       -0.940168        104.2722
  -9.820059e-07    0.0008489106      -0.3329664       -3.432489
       679.4486        707.7174
   -3.17765e-24    3.030207e-22               1       -1019.231
   1.135228e-06    3.778989e-06     -0.05363643        77.39704
  -3.825342e-06    0.0003039747      0.06345453       -12.18882
      -1019.231       -865.3846
              0               0               0       -865.3846
   6.296635e-06   -0.0004789134      -0.9787156        94.42115
  -4.553737e-06     0.001284475      -0.1908528        -5.62771
       512.9571        534.3072
   -3.17765e-24    3.030207e-22               1       -1019.231
   1.006378e-06    9.892454e-06     -0.08937346        104.2722
  -3.094813e-06    0.0003328474     0.007773771       -3.432489
      -1019.231       -865.3846
