              0               0               0       -865.3846
  -2.579052e-07   -9.796366e-05       0.9978685       -221.5086
  -1.567131e-05     0.002016496      0.05111832        27.06538
       21.37784        42.75568
   1.194898e-23   -1.163587e-21               1       -865.3846
  -7.031099e-06    0.0009472504       0.6441616       -200.2236
  -5.029072e-06    0.0005059826       0.2362809        28.92664
      -865.3846       -711.5385
              0               0               0       -711.5385
  -4.061066e-05     0.003490597       0.5568862       -114.3892
    1.99532e-05     -0.00228152       0.8281365        45.65369
       16.70098        33.40196
   1.194898e-23   -1.163587e-21               1       -865.3846
  -7.226377e-06     0.001100178       0.6980564       -221.5086
  -2.922292e-06   -0.0001088217       0.2067325        27.06538
      -865.3846       -711.5385
