              0               0               0        2115.385
   5.821685e-07    0.0001265654       0.9520739        341.4315
   2.498846e-06    0.0003921616      -0.3059118        3.948844
       540.2093        573.9724
   9.672408e-26   -1.320394e-22               1        2115.385
    6.43896e-09   -1.112176e-05     -0.04844517        373.7432
    1.54016e-08   -4.341206e-05      0.06148683       -5.836462
       2115.385        2692.308
              0               0               0        2692.308
   3.330325e-07    0.0001186911       0.9698901        313.3931
   2.266863e-06    0.0004723761       -0.243453        25.11628
       491.8292        522.5685
   9.672408e-26   -1.320394e-22               1        2115.385
   5.412864e-09    -9.10199e-06     -0.04515042        341.4315
   1.388752e-08   -3.932112e-05      0.05475316        3.948844
       2115.385        2692.308
