              0               0               0        4423.077
  -3.285377e-06   -4.423227e-05       0.9997345        56.71096
   1.459935e-06    -0.002250704      -0.0200733        73.50863
       173.4543        195.1361
  -1.362311e-27    6.195073e-40               1        4423.077
   1.061641e-09    6.491138e-07     -0.01585804        78.33271
   1.129492e-09   -1.898886e-11    -0.009889131        72.03023
       4423.077            5000
              0               0               0            5000
  -5.288057e-06    4.777013e-06        1.000003        50.96944
   -9.75698e-07    -0.002621339    -0.003678627        67.53029
       149.3359        168.0029
  -1.362311e-27    6.195073e-40               1        4423.077
   1.023515e-09    6.409873e-07     -0.01066243        56.71096
  -2.804932e-10   -3.829915e-07     -0.01004815        73.50863
       4423.077            5000
