              0               0               0        865.3846
  -4.625548e-06    0.0003077428        0.992944        0.756688
  -5.209714e-06    -0.002396775       0.1183985        75.65584
       137.1671        156.7624
   1.528862e-22   -5.598364e-20               1        865.3846
   1.196429e-06   -0.0002794215       0.2283172        20.29709
  -5.781841e-06     0.002060114      -0.1546606        77.01639
       865.3846        1019.231
              0               0               0        1019.231
  -1.878882e-06   -9.081129e-05       0.9985698        26.74381
  -8.093233e-07    -0.001655688     -0.05358794        83.53531
       185.9153        212.4746
   1.528862e-22   -5.598364e-20               1        865.3846
   1.448157e-06   -0.0003726161       0.1919659        0.756688
  -5.371115e-06      0.00197724      -0.1258472        75.65584
       865.3846        1019.231
