              0               0               0       -307.6923
   4.012361e-06      0.00291359      -0.8041593       -45.31158
  -1.762257e-05     0.003917765        0.594117        -62.1596
       587.5752        604.8554
  -2.352002e-22    4.979552e-20               1       -307.6923
  -4.620388e-07     0.000371345     -0.06732316       -58.31685
   6.493945e-07     -0.00048584      0.09327644       -50.81425
      -307.6923               0
              0               0               0               0
   9.406967e-06     0.002708392      -0.8095155       -44.36899
  -9.981984e-06     0.003715626       0.5867877        -60.2256
       579.5225        596.5682
  -2.352002e-22    4.979552e-20               1       -307.6923
  -4.974486e-07    0.0003980087     -0.07230508       -45.31158
   6.613547e-07   -0.0004769307      0.09041994        -62.1596
      -307.6923               0
