              0               0               0       -557.6923
  -1.097836e-05    -0.003284367       0.7518845        88.88114
   1.308271e-05    -0.003771565      -0.6595764        121.5272
       267.7005        285.5472
   8.804966e-23   -1.624172e-20               1       -557.6923
  -6.778784e-07     0.000329177     -0.01272456        101.1913
   2.108231e-06    -0.001109145       0.0801347        108.6291
      -557.6923       -307.6923
              0               0               0       -307.6923
  -4.314504e-06    -0.003423192        0.703805          96.873
   1.541343e-05    -0.003398483      -0.7104565        105.4964
         259.24        276.5227
   8.804966e-23   -1.624172e-20               1       -557.6923
  -7.949427e-07    0.0003903828     -0.01594437        88.88114
   2.138573e-06    -0.001134121      0.08574606        121.5272
      -557.6923       -307.6923
