              0               0               0       -711.5385
    2.17609e-06    0.0009293428      -0.9588678       -24.79115
  -9.840449e-06     0.003057992       0.2840208        -53.9165
       534.9926        551.7403
  -4.461828e-23    4.351327e-21               1       -711.5385
  -4.374781e-07   -0.0007339007       0.3049402       -40.57914
   1.137739e-06    0.0006505758      -0.3769423       -48.34829
      -711.5385       -557.6923
              0               0               0       -557.6923
   1.689348e-05    0.0008907705      -0.9856524        4.250205
  -7.550014e-06     0.005285011        0.167063       -91.29751
       566.8485        584.3414
  -4.461828e-23    4.351327e-21               1       -711.5385
  -1.116977e-06   -0.0005131576       0.2941535       -24.79115
   7.050797e-07    0.0007588923      -0.3764175        -53.9165
      -711.5385       -557.6923
