              0               0               0        1538.462
   3.038566e-07     0.000173175      -0.9543306        28.16728
  -1.977538e-07    0.0005650669       0.2988743        -47.6614
      -257.0207       -220.3034
  -3.610124e-25    4.927898e-22               1        1538.462
  -6.468804e-10   -7.215751e-06      0.02155634       -6.624601
  -6.723977e-09     1.22971e-05   -0.0003869805       -35.93555
       1538.462        2115.385
              0               0               0        2115.385
   3.186079e-07    0.0001106039      -0.9853166        36.35759
  -6.268036e-07    0.0006640982       0.1708313        -39.8452
      -235.9314       -202.2269
  -3.610124e-25    4.927898e-22               1        1538.462
  -6.947084e-11   -9.633107e-06      0.01977723        28.16728
  -5.610936e-09    6.104479e-06      0.01189382        -47.6614
       1538.462        2115.385
