              0               0               0        3846.154
  -1.956405e-06    0.0001139951       0.9977071        38.21114
   -3.78987e-06    -0.001669256      0.06876028        78.60884
       172.7922        197.4768
  -1.362311e-27    2.357846e-24               1        3846.154
   1.023515e-09   -1.130482e-06     -0.01038003        62.87917
  -2.804932e-10    1.024775e-07    -0.009886319        79.23203
       3846.154        4423.077
              0               0               0        4423.077
   -2.92243e-06    0.0001458583        0.997531        35.04392
  -3.792428e-06    -0.002004024      0.07217682        72.92446
       151.7725        173.4543
  -1.362311e-27    2.357846e-24               1        3846.154
   1.123217e-09   -1.267594e-06    -0.005132394        38.21114
  -1.701346e-09    2.177595e-06     -0.01054296        78.60884
       3846.154        4423.077
