              0               0               0        3846.154
  -0.0001241244     0.002884832      -0.9119855       -83.82235
   0.0001159645    0.0005955764       0.3110601       0.6112057
       -49.5767       -24.78835
  -1.362311e-27    2.357846e-24               1        3846.154
  -1.127996e-09    1.327367e-06      0.02713574       -106.5469
   -1.75762e-09    3.330308e-06    -2.82192e-05        10.45414
       3846.154        4423.077
              0               0               0        4423.077
   -0.000176759     0.003454528      -0.9168767       -70.64315
   0.0001364474    0.0009786254       0.2927064        3.029167
      -43.29699       -21.64849
  -1.362311e-27    2.357846e-24               1        3846.154
  -8.542062e-10    8.861281e-07      0.02261704       -83.82235
  -2.453636e-09    4.132802e-06     0.002623493       0.6112057
       3846.154        4423.077
