              0               0               0       -3846.154
  -2.679516e-06    0.0002421502       0.9926105        -48.0887
   1.054322e-06     -0.00199405       0.1193984        77.09665
       269.3769        293.8657
  -1.415742e-28    4.900644e-26               1       -3846.154
   9.955448e-11   -3.560631e-09     -0.01070163       -23.67498
  -4.187616e-10   -6.245326e-08     0.009810873        78.84022
      -3846.154       -3269.231
              0               0               0       -3269.231
  -2.383497e-06    0.0002780458       0.9888655       -57.19648
   1.089852e-06    -0.001805077       0.1479121        81.67342
       302.6202        330.1311
  -1.415742e-28    4.900644e-26               1       -3846.154
   2.279479e-10    1.826157e-08     -0.01587323        -48.0887
   1.130812e-09   -1.887523e-06     0.008645654        77.09665
      -3846.154       -3269.231
