              0               0               0       -2692.308
  -4.977114e-07    0.0001184173       -0.996857       -91.44178
  -1.078759e-05     0.001448268      0.07646871       -34.77568
       915.4723        945.9565
  -2.010353e-27    7.350966e-25               1       -2692.308
   1.437505e-08   -2.257373e-07     -0.02135698       -121.7342
   1.581711e-08   -1.007569e-05     -0.02600864       -31.40433
      -2692.308       -2115.385
              0               0               0       -2115.385
    1.50221e-07     2.58161e-05      -0.9997114       -97.91425
  -8.854691e-06     0.001321325      0.01422931       -48.35233
       1006.098        1039.599
  -2.010353e-27    7.350966e-25               1       -2692.308
   1.132836e-08    7.526744e-07     -0.01542371       -91.44178
   1.383542e-08   -8.393044e-06     -0.02329571       -34.77568
      -2692.308       -2115.385
