              0               0               0       -711.5385
  -9.057786e-06    0.0008516001       0.9699301       -20.68204
     1.1417e-05    -0.003446081       0.2428946        111.0347
       133.6078        150.3088
  -4.461828e-23    4.351327e-21               1       -711.5385
   6.737063e-06    -0.002209897       0.1350736       -4.287916
   1.427161e-06     -0.00121625       0.3307953        114.1833
      -711.5385       -557.6923
              0               0               0       -557.6923
  -2.823373e-05      0.00298544       0.8625349       -27.46454
   2.014994e-05    -0.005261527       0.5037366        134.0559
       142.7736        160.6203
  -4.461828e-23    4.351327e-21               1       -711.5385
   7.029426e-06    -0.002338004       0.1492297       -20.68204
   2.517219e-06    -0.001483139       0.3182336        111.0347
      -711.5385       -557.6923
