              0               0               0        865.3846
     0.00109754    -0.006913123      -0.9659704       -110.3711
  -0.0002132251      0.01032066       0.5800935        10.63219
       -19.5923               0
   1.528862e-22   -5.598364e-20               1        865.3846
  -4.473891e-07    0.0002178685      -0.2091482       -123.6961
   -5.27404e-07    0.0005518115      0.07845808        24.35563
       865.3846        1019.231
              0               0               0        1019.231
   0.0006331722    -0.005322034      -0.9402771       -135.4753
  -0.0002063956     0.008755477       0.6475592        28.08741
       -26.5162               0
   1.528862e-22   -5.598364e-20               1        865.3846
   1.125537e-07   -7.323202e-05      -0.1545753       -110.3711
  -2.519325e-08    0.0002819398      0.07067985        10.63219
       865.3846        1019.231
