              0               0               0        4423.077
  -2.491627e-06     1.07174e-05      -0.9774819        143.2568
   1.115135e-05   -4.207471e-05       -0.210924       -3.452417
      -259.7819       -238.1334
  -1.362311e-27    6.195073e-40               1        4423.077
   3.374694e-09    8.222842e-07     -0.02566709        122.0755
  -3.211634e-08   -1.203251e-05      0.02824489       -7.925183
       4423.077            5000
              0               0               0            5000
  -3.826056e-06    1.714724e-05      -0.9744519         126.372
   1.645914e-05   -7.070729e-05      -0.2245545        2.301647
      -223.6812       -205.0411
  -1.362311e-27    6.195073e-40               1        4423.077
   4.565314e-09    1.274753e-06     -0.03152193        143.2568
  -3.580683e-08   -1.347126e-05      0.02966355       -3.452417
       4423.077            5000
