              0               0               0       -3846.154
  -5.510613e-07    6.178547e-05      -0.9780325       -217.2294
  -1.865452e-06    0.0002766016       0.2082336        3.108982
       882.6649        907.2205
  -1.415742e-28    4.900644e-26               1       -3846.154
   -3.26708e-09    5.376908e-06      -0.0550209       -241.2164
  -3.158072e-08    2.922787e-05    -0.008702747        8.361436
      -3846.154       -3269.231
              0               0               0       -3269.231
    1.83299e-07   -1.200963e-05      -0.9863444        -244.693
   1.194268e-06   -7.380258e-05       0.1646674        2.511488
       989.8007        1017.275
  -1.415742e-28    4.900644e-26               1       -3846.154
  -3.850258e-09    5.867923e-06     -0.04970736       -217.2294
  -3.628369e-08    3.433359e-05    -0.008766826        3.108982
      -3846.154       -3269.231
