              0               0               0        865.3846
    1.13831e-05   -2.468077e-06       0.9292988       -74.59607
   1.392549e-05     -0.00207662        0.392925        54.99393
       58.78591        78.38121
   1.528862e-22   -5.598364e-20               1        865.3846
   1.563728e-06   -0.0004446759      0.05489712       -56.30148
   -3.55521e-06     0.001488356     -0.03330956        62.00081
       865.3846        1019.231
              0               0               0        1019.231
   8.707986e-06   -0.0003899236       0.9894198       -78.85301
   6.687377e-06    -0.001413312       0.2033729        74.62815
       79.67797        106.2373
   1.528862e-22   -5.598364e-20               1        865.3846
   1.301635e-06    -0.000362927    -0.002643085       -74.59607
  -2.781217e-06     0.001255568    0.0002858334        54.99393
       865.3846        1019.231
