              0               0               0       -2692.308
   2.954256e-07     0.000273357       0.9663373       -97.19407
   -7.14161e-06   -0.0009730268       0.2575808        78.14598
       305.3151        335.8466
  -2.010353e-27    7.350966e-25               1       -2692.308
   2.315386e-08   -1.178999e-05     -0.02218832       -67.42711
   1.184657e-08   -1.056068e-05     0.001544365        84.90002
      -2692.308       -2115.385
              0               0               0       -2115.385
   5.138238e-07    0.0003103401       0.9484695       -111.9006
  -5.712167e-06   -0.0008877312       0.3170928        75.12616
        335.547        369.1017
  -2.010353e-27    7.350966e-25               1       -2692.308
   2.525403e-08   -1.193546e-05     -0.02701106       -97.19407
   1.636868e-08   -1.438261e-05    -0.002384842        78.14598
      -2692.308       -2115.385
