              0               0               0       -1173.077
  -1.914331e-06    0.0001167869       0.9949396        44.55742
   9.284367e-07   -0.0007884941       0.1073802        103.6133
       538.0595        573.9301
    7.61619e-25   -4.849574e-23               1       -1173.077
  -1.515481e-06    0.0002981648      0.05386726        80.30845
   2.316471e-07   -0.0004079492     -0.08270253        106.4934
      -1173.077       -1019.231
              0               0               0       -1019.231
  -2.977709e-06   -8.851237e-06       0.9992367        61.91216
  -4.152158e-07   -0.0009056108     -0.05480678        87.24559
       424.7803         453.099
    7.61619e-25   -4.849574e-23               1       -1173.077
   -1.98821e-06    0.0004492018      0.09075608        44.55742
  -4.679547e-07   -0.0002543379     -0.05618552        103.6133
      -1173.077       -1019.231
