              0               0               0        2115.385
   3.131464e-07    7.894063e-05      -0.9917051        69.68084
   8.668047e-07    0.0005764526       0.1290192       -44.88176
      -269.6359       -235.9314
   9.672408e-26   -1.320394e-22               1        2115.385
   3.837858e-09   -9.753345e-06     0.008592734        36.35759
   3.446231e-09   -3.606756e-06      0.01333481        -39.8452
       2115.385        2692.308
              0               0               0        2692.308
   1.971385e-07    5.032311e-05      -0.9979421         69.3752
  -2.665695e-07    0.0007005981      0.06473393       -35.32917
      -245.4867       -214.8009
   9.672408e-26   -1.320394e-22               1        2115.385
   4.473077e-09   -1.099484e-05     0.004324582        69.68084
   5.849103e-09   -8.264404e-06      0.01937893       -44.88176
       2115.385        2692.308
