              0               0               0       -3269.231
   2.971261e-08   -1.669803e-05      -0.9847727       -190.5364
   1.358488e-07   -9.406871e-05       0.1738331       -6.778238
        934.853        962.3269
   5.379818e-28   -1.960258e-25               1       -3269.231
  -2.477104e-09   -1.011593e-06     -0.04157729       -217.6039
   4.815015e-09   -3.004619e-05    -0.004721775       -2.070555
      -3269.231       -2692.308
              0               0               0       -2692.308
   2.069459e-08   -1.201816e-05      -0.9898471       -212.2179
    1.15501e-07    -8.31034e-05        0.142116       -18.12898
       1037.409        1067.893
   5.379818e-28   -1.960258e-25               1       -3269.231
  -1.702354e-09    -9.84211e-07     -0.03644681       -190.5364
   7.032512e-09   -3.042339e-05    -0.004463372       -6.778238
      -3269.231       -2692.308
