              0               0               0       -307.6923
   8.304795e-06     -0.00375022      -0.5813239         108.113
   1.215207e-05     0.002687365      -0.8143013       -37.53225
       414.7739         432.054
  -2.352002e-22    4.979552e-20               1       -307.6923
  -4.989553e-07    0.0003344843     -0.05830392        96.99066
    -3.1755e-07    0.0002107123     -0.02990668       -50.73832
      -307.6923               0
              0               0               0               0
   8.396786e-06    -0.003688873       -0.590523        107.2794
   1.155601e-05     0.002687231      -0.8071493        -36.3213
       409.0653         426.111
  -2.352002e-22    4.979552e-20               1       -307.6923
  -3.455745e-07     0.000235104     -0.04233179         108.113
  -4.616646e-07    0.0002932728     -0.04259431       -37.53225
      -307.6923               0
