              0               0               0       -3846.154
  -3.356897e-06    0.0003569522      -0.9667095       -265.1023
  -1.354046e-05     0.001342353       0.2548232        14.05118
        931.776        956.3316
  -1.415742e-28    4.900644e-26               1       -3846.154
  -1.862693e-11    2.262795e-06     -0.06573027       -288.6748
  -1.486601e-08    1.155112e-05    -0.008733841        20.91743
      -3846.154       -3269.231
              0               0               0       -3269.231
  -1.722226e-06     0.000109647      -0.9834916       -298.8733
  -9.792869e-06    0.0006031855        0.180565         11.6557
       1044.749        1072.222
  -1.415742e-28    4.900644e-26               1       -3846.154
  -2.268065e-09    4.457368e-06     -0.06035305       -265.1023
  -2.524575e-08    2.242506e-05    -0.008686908        14.05118
      -3846.154       -3269.231
