              0               0               0       -2692.308
   6.197525e-07   -0.0001606405       0.9787297       -302.5257
  -3.646073e-06    0.0007490076       0.2050328        19.16073
       91.59452         122.126
  -2.010353e-27    7.350966e-25               1       -2692.308
   3.669801e-08   -1.193373e-05     -0.05413999       -272.7757
   4.027767e-08   -3.419428e-05      -0.0284507        26.01513
      -2692.308       -2115.385
              0               0               0       -2115.385
    5.72287e-07   -0.0001821704       0.9641468       -333.1037
  -2.523279e-06    0.0006480147       0.2653247       -3.582895
       100.6641        134.2188
  -2.010353e-27    7.350966e-25               1       -2692.308
   3.891483e-08   -1.217838e-05     -0.05892821       -302.5257
   4.370189e-08   -3.725748e-05     -0.03247334        19.16073
      -2692.308       -2115.385
