              0               0               0               0
  -7.653179e-06    -0.002774238       0.8095903          83.274
   1.184046e-05    -0.003798114       -0.587137        115.0638
       238.6177        255.6618
   8.523301e-22   -1.673124e-19               1               0
  -3.026676e-07    9.683591e-05    -0.003339568        96.22894
   6.233621e-07    -0.000203426     0.001632253        104.0118
              0        307.6923
              0               0               0        307.6923
   -2.22122e-05    -0.002511691       0.8140721        82.57103
   6.223709e-07    -0.003658124      -0.5807002        114.3171
       237.5489        254.5167
   8.523301e-22   -1.673124e-19               1               0
  -2.765366e-07    9.725464e-05    -0.006028199          83.274
   6.062722e-07   -0.0001976257    0.0009825101        115.0638
              0        307.6923
