              0               0               0       -1538.462
   -2.67483e-07    -0.000176896      -0.9302298        78.79967
   1.843218e-07    0.0005406751      -0.3689447       -23.10308
       914.6544        951.1994
  -5.358563e-26    1.024235e-23               1       -1538.462
  -1.055342e-07    2.161755e-05      0.02580601        44.55514
    1.63644e-07    -1.07561e-05    -0.007676806       -35.85507
      -1538.462       -1173.077
              0               0               0       -1173.077
   3.176027e-08   -0.0002411818      -0.9003202        84.26726
  -5.029625e-07     0.000578477      -0.4368414       -17.19019
       896.4447        932.2511
  -5.358563e-26    1.024235e-23               1       -1538.462
  -1.922396e-07    2.805613e-05      0.03037778        78.79967
  -2.133144e-08    1.887333e-05      0.01213449       -23.10308
      -1538.462       -1173.077
