              0               0               0        3846.154
    9.67693e-06   -0.0002891837       0.9614893       -58.33532
     7.2747e-06    -0.001437503       0.3097742        58.99845
       74.05379        98.73838
  -1.362311e-27    2.357846e-24               1        3846.154
   1.624165e-09   -2.044724e-06      0.01068646         -34.632
  -3.694586e-09    5.437091e-06    -0.009976147        65.87861
       3846.154        4423.077
              0               0               0        4423.077
   1.330018e-05   -0.0003138972       0.9560017       -49.55125
   7.468867e-06    -0.001655017       0.3269787        54.83579
       65.04537        86.72716
  -1.362311e-27    2.357846e-24               1        3846.154
   1.625885e-09   -2.110708e-06      0.01590227       -58.33532
  -3.472904e-09    5.335278e-06    -0.009137406        58.99845
       3846.154        4423.077
