              0               0               0       -4423.077
   6.200468e-05     -0.00352495      -0.9167798        108.3861
   1.169139e-05    0.0009064462      -0.2906194        3.143318
       472.5364         493.977
   2.831483e-29     1.28761e-41               1       -4423.077
  -1.301772e-09    9.662537e-07      0.01803065         87.7205
   2.514531e-09   -2.740949e-07    -0.006929374       -2.555803
      -4423.077       -3846.154
              0               0               0       -3846.154
   4.492351e-05    -0.002959542       -0.912326        121.7165
   7.337197e-06    0.0008350448      -0.3114294       0.8732705
       538.8873        563.4428
   2.831483e-29     1.28761e-41               1       -4423.077
  -1.491209e-09    9.774759e-07      0.02303846        108.3861
   1.737692e-09    2.765383e-07    -0.004672664        3.143318
      -4423.077       -3846.154
