              0               0               0       -1173.077
   1.056902e-06    5.694597e-06       0.8415511       -186.0221
  -1.624485e-06   -9.708445e-06       0.5401536         12.1823
       286.9651        322.8357
    7.61619e-25   -4.849574e-23               1       -1173.077
  -3.499032e-06     0.001066453       0.2591387        -155.779
  -4.915034e-06    0.0008505227       0.1501525        31.47049
      -1173.077       -1019.231
              0               0               0       -1019.231
   1.343147e-06    8.595534e-06       0.9177267       -129.4373
  -3.074914e-06    -2.10131e-05       0.3971985        45.64288
       226.5495        254.8682
    7.61619e-25   -4.849574e-23               1       -1173.077
  -3.579131e-06     0.001126852        0.279152       -186.0221
  -5.617516e-06      0.00104925       0.1890296         12.1823
      -1173.077       -1019.231
