              0               0               0        1538.462
   3.294153e-07   -4.778764e-05      -0.9970211        501.8296
   5.796271e-06   -0.0007876144      0.07117712        -94.0775
      -734.3448       -697.6275
  -3.610124e-25    4.927898e-22               1        1538.462
   1.161692e-09   -1.828413e-05     -0.03449712        465.1737
   1.505567e-08   -8.003979e-05       0.1528301       -92.23899
       1538.462        2115.385
              0               0               0        2115.385
  -5.252113e-07    6.181914e-05      -0.9977228        472.9865
   7.290682e-06   -0.0009162315     -0.05809289       -25.09752
      -674.0898       -640.3853
  -3.610124e-25    4.927898e-22               1        1538.462
  -1.294359e-09   -1.541924e-05      -0.0406683        501.8296
   1.837115e-08   -8.868196e-05       0.1646133        -94.0775
       1538.462        2115.385
