              0               0               0       -1173.077
   2.950676e-07   -0.0001648555       0.8617842       -277.3336
  -5.960539e-07    0.0002795701       0.5072312       -44.74501
       179.3532        215.2238
    7.61619e-25   -4.849574e-23               1       -1173.077
  -3.755809e-06     0.001249812       0.3195999       -246.6193
  -6.884139e-06     0.001437103       0.2646945       -26.21809
      -1173.077       -1019.231
              0               0               0       -1019.231
    6.39994e-07    -0.000158744       0.9318987       -207.8223
  -1.757318e-06    0.0004019919       0.3627425        12.89613
       141.5934        169.9121
    7.61619e-25   -4.849574e-23               1       -1173.077
  -3.875349e-06     0.001316985       0.3409345       -277.3336
    -7.4283e-06     0.001623272        0.300751       -44.74501
      -1173.077       -1019.231
