              0               0               0        557.6923
  -4.346716e-06    -0.004120634       0.5628863        96.27462
   1.601251e-05    -0.002843208      -0.8253999        107.1458
       254.1782        270.0643
   2.146718e-21   -7.814377e-19               1        557.6923
   2.463355e-06    0.0003849084   -0.0009660521        104.1594
   6.530578e-07   -0.0007330631     -0.01917989        93.38005
       557.6923        711.5385
              0               0               0        711.5385
  -2.349942e-05    -0.002917346        0.682808         111.526
    9.17655e-07    -0.002813343      -0.7309104        88.56735
       269.6087        286.4592
   2.146718e-21   -7.814377e-19               1        557.6923
   2.144116e-06    0.0003330836    -0.002858061        96.27462
  -3.146521e-07   -0.0006620798     -0.01145413        107.1458
       557.6923        711.5385
