              0               0               0       -3269.231
   6.266379e-07   -0.0001042956       -0.993123         27.4157
   4.817477e-07    0.0007722916      -0.1153588       -23.27956
       715.0619        742.5358
   5.379818e-28   -1.960258e-25               1       -3269.231
   6.886251e-10    1.734201e-06     -0.00159333      0.06501765
   3.297142e-09    -7.66328e-06    -0.007755432       -25.85599
      -3269.231       -2692.308
              0               0               0       -2692.308
    4.81804e-07   -0.0001135928      -0.9890493        30.09754
   2.424005e-07    0.0006874065      -0.1463639       -28.43167
       793.5354        824.0197
   5.379818e-28   -1.960258e-25               1       -3269.231
   1.006372e-09    1.643093e-06     0.003365629         27.4157
   3.516479e-09   -5.281912e-06    -0.007053493       -23.27956
      -3269.231       -2692.308
