              0               0               0        1173.077
   2.334096e-06    0.0002305928      -0.9203505       -43.38458
   2.701939e-07    0.0006330852       0.3928366        -15.6223
      -168.1501       -134.5201
   2.578164e-24   -2.333275e-21               1        1173.077
  -1.931715e-07    0.0002097467     -0.05226728       -73.98642
   1.244257e-07   -0.0001122612     0.007163633       -1.684914
       1173.077        1538.462
              0               0               0        1538.462
   2.188185e-06    0.0001919673      -0.9257487       -40.88093
   6.834265e-07    0.0005593417       0.3800552       -22.72784
      -183.5862        -146.869
   2.578164e-24   -2.333275e-21               1        1173.077
   -1.32795e-07    0.0001408531     -0.02688454       -43.38458
   -1.16842e-09    1.940466e-05     -0.02638091        -15.6223
       1173.077        1538.462
