              0               0               0       -3846.154
    1.39207e-06    5.469353e-06       0.9659882       -119.7462
  -4.999461e-06   -2.467748e-05       0.2585286        61.20818
       195.9105        220.3993
  -1.415742e-28    4.900644e-26               1       -3846.154
   3.969581e-10    2.024988e-07     -0.02584509        -96.0666
   2.784076e-09    -3.99853e-06     0.005037964        67.45102
      -3846.154       -3269.231
              0               0               0       -3269.231
   9.168522e-07    3.764602e-06       0.9621543       -137.3253
  -3.224834e-06   -1.420008e-05        0.272494         62.1426
       220.0874        247.5983
  -1.415742e-28    4.900644e-26               1       -3846.154
   7.140964e-10    8.550099e-08     -0.03075741       -119.7462
   2.469347e-09   -3.949089e-06     0.003076083        61.20818
      -3846.154       -3269.231
