              0               0               0        711.5385
   0.0002195087     0.002823033      -0.2825426       -90.64224
  -3.179842e-05     0.001563176       0.9655125        9.663087
      -16.86833               0
  -5.749011e-22    2.093553e-19               1        711.5385
    1.97418e-06   -0.0006932914      -0.1360062       -93.55141
  -2.460785e-07    0.0006653862      -0.1088031        26.24184
       711.5385        865.3846
              0               0               0        865.3846
     0.00109754    -0.006913123      -0.9659704       -110.3711
  -0.0002132251      0.01032066       0.5800935        10.63219
       -19.5923               0
  -5.749011e-22    2.093553e-19               1        711.5385
   6.367705e-07   -0.0003671261     -0.08682786       -90.64224
  -8.874737e-07     0.000691543     -0.07908675        9.663087
       711.5385        865.3846
