              0               0               0        2115.385
   8.679962e-07    0.0002139435       0.9846088        439.4657
   7.037517e-06     0.001273554      -0.1682357       -21.14001
       641.4986        675.2617
   9.672408e-26   -1.320394e-22               1        2115.385
   1.035446e-08   -1.765948e-05     -0.05975218        472.9865
   2.082421e-08   -5.688573e-05      0.08063196       -25.09752
       2115.385        2692.308
              0               0               0        2692.308
   4.161679e-07    0.0001422186       0.9934793        403.9392
   8.195376e-06     0.001407389      -0.1037162        8.106064
       584.0472        614.7865
   9.672408e-26   -1.320394e-22               1        2115.385
   8.902428e-09   -1.543425e-05     -0.05563804        439.4657
   1.887266e-08   -5.219931e-05      0.07452659       -21.14001
       2115.385        2692.308
