              0               0               0        1538.462
    1.07697e-06   -0.0001196632        0.878158         201.586
   1.951813e-06   -0.0002167655      -0.4783984        42.45051
       404.5926        441.3737
  -3.610124e-25    4.927898e-22               1        1538.462
  -1.608896e-09    1.505291e-06      -0.0332934        233.7774
   1.289188e-08   -4.589606e-05      0.06734398        24.65834
       1538.462        2115.385
              0               0               0        2115.385
   8.646705e-07   -9.261809e-05       0.9332824        183.3235
   2.199114e-06   -0.0002358732      -0.3591919        63.02179
       371.3939         405.157
  -3.610124e-25    4.927898e-22               1        1538.462
  -3.037499e-09      5.9107e-06     -0.03405399         201.586
   1.170519e-08   -4.002642e-05      0.05485309        42.45051
       1538.462        2115.385
