              0               0               0       -307.6923
    1.47528e-05    -0.001449618      -0.9509112        53.31898
   3.896093e-06     0.004392477       -0.310382       -77.76568
       483.8944        501.1746
  -2.352002e-22    4.979552e-20               1       -307.6923
  -7.306465e-07    0.0005191442     -0.09102745        36.53037
   3.200207e-07   -0.0001884484      0.03470353       -81.79741
      -307.6923               0
              0               0               0               0
     1.6312e-05    -0.001511442      -0.9506806        52.95088
   6.139858e-06     0.004460143      -0.3104212       -75.67324
       477.2482        494.2939
  -2.352002e-22    4.979552e-20               1       -307.6923
  -7.283207e-07    0.0005060044     -0.08793656        53.31898
   1.731103e-07   -9.043803e-05      0.01823837       -77.76568
      -307.6923               0
