              0               0               0        3269.231
   1.486326e-08    0.0001061503       0.9716128        257.4576
    7.20579e-07    0.0004337704      -0.2365272        40.45346
       415.8006        443.5206
   6.811555e-27   -9.431384e-24               1        3269.231
  -2.819637e-10    8.619689e-08     -0.05004442        284.4726
   3.478875e-09   -8.042525e-06     0.009791409        34.24558
       3269.231        3846.154
              0               0               0        3846.154
  -2.555546e-08    0.0001180284       0.9748324        231.4405
   9.256208e-07    0.0005126632      -0.2229309        43.06228
       370.2689        394.9535
   6.811555e-27   -9.431384e-24               1        3269.231
  -6.059914e-10    4.774177e-07     -0.04517002        257.4576
   2.576295e-09   -6.813384e-06     0.007595244        40.45346
       3269.231        3846.154
