              0               0               0        3846.154
  -6.992522e-07    -0.000253509       0.9927385        87.49377
   8.480427e-06    -0.002035303      -0.1189507        77.51861
       222.1614         246.846
  -1.362311e-27    2.357846e-24               1        3846.154
   1.139815e-09   -1.332465e-06     -0.02057886        111.8341
   2.035259e-09   -3.430355e-06    -0.007115569        73.46974
       3846.154        4423.077
              0               0               0        4423.077
  -8.202586e-07   -0.0002579309        0.993183        78.33271
   1.015817e-05    -0.002155742      -0.1156129        72.03023
       195.1361        216.8179
  -1.362311e-27    2.357846e-24               1        3846.154
   1.061641e-09   -1.188341e-06     -0.01554695        87.49377
   1.129492e-09   -1.954908e-06    -0.008761288        77.51861
       3846.154        4423.077
