              0               0               0        1173.077
   4.923686e-07   -1.562072e-05      -0.9985771        419.2153
    6.56826e-06    -0.000157761      0.05116885       -85.59432
      -638.9704       -605.3404
   2.578164e-24   -2.333275e-21               1        1173.077
   1.039122e-06    -0.001158813       0.4019638        385.6342
  -1.396851e-06     0.001459382      -0.3659073       -83.80211
       1173.077        1538.462
              0               0               0        1538.462
   3.294153e-07   -1.150197e-05       -0.999198        465.1737
   5.796271e-06   -0.0001491452      0.03678189       -92.23899
      -697.6275       -660.9103
   2.578164e-24   -2.333275e-21               1        1173.077
   1.150489e-06    -0.001279398       0.4396558        419.2153
  -1.500014e-06     0.001564207      -0.3894617       -85.59432
       1173.077        1538.462
