              0               0               0       -711.5385
  -4.061066e-05     0.005525311       0.4063117        -122.527
    1.99532e-05    -0.003281234       0.9210399        31.09369
              0        16.70098
  -4.461828e-23    4.351327e-21               1       -711.5385
   3.079445e-06    -0.002235073        0.523457       -114.3892
   5.654615e-06    -0.001457572     -0.03425112        45.65369
      -711.5385       -557.6923
              0               0               0       -557.6923
   0.0001838317     -0.01345155       0.2463328       -76.70203
   1.442024e-06   -5.902656e-05       0.9974348        8.685554
              0         17.8467
  -4.461828e-23    4.351327e-21               1       -711.5385
   3.323219e-06    -0.002474466       0.5998931        -122.527
   4.417196e-06   -0.0009065098      -0.1107388        31.09369
      -711.5385       -557.6923
