              0               0               0       -1538.462
   7.461461e-05    -0.001845538       0.9538955        157.0478
  -1.768989e-05   -0.0003546193      -0.1279894        97.27617
       658.7366        695.3331
  -5.358563e-26    1.024235e-23               1       -1538.462
  -1.911929e-07   -2.499441e-06      0.01159994        193.1425
  -8.830232e-07    0.0001430188      0.09750594        91.25022
      -1538.462       -1173.077
              0               0               0       -1173.077
     7.9019e-05    -0.001854337       0.9605678        152.0033
  -1.287756e-05   -0.0004687186     -0.05801569         106.175
       645.6714         681.542
  -5.358563e-26    1.024235e-23               1       -1538.462
  -5.512189e-09   -2.646958e-05    -0.003398536        157.0478
  -7.376637e-07    0.0001149554      0.08083421        97.27617
      -1538.462       -1173.077
