              0               0               0        1173.077
   1.894535e-06    0.0003944751       0.9497432        420.2549
   6.922257e-06     0.001226932      -0.3094033       -78.97911
       639.9004        673.5794
   2.578164e-24   -2.333275e-21               1        1173.077
   1.268313e-06    -0.001405685       0.4785814        452.7611
  -1.605561e-06      0.00167126      -0.4136362       -87.74338
       1173.077        1538.462
              0               0               0        1538.462
   1.557604e-06    0.0003484661       0.9538937        466.1954
   6.021304e-06     0.001142312      -0.2961725       -85.02894
       698.8417        735.6229
   2.578164e-24   -2.333275e-21               1        1173.077
   1.168119e-06    -0.001297964       0.4440372        420.2549
  -1.500106e-06     0.001560432      -0.3864422       -78.97911
       1173.077        1538.462
