              0               0               0        1538.462
   0.0003101773    -0.002875435      -0.8400283       -168.0442
  -0.0001516825     0.006770045       0.7713118        49.49955
      -36.71724               0
  -3.610124e-25    4.927898e-22               1        1538.462
  -4.318315e-09    1.326383e-05      0.01519963       -187.4103
  -9.802224e-09    4.063051e-05     -0.07143479        79.43869
       1538.462        2115.385
              0               0               0        2115.385
   0.0003882953    -0.004107966      -0.9323447        -153.832
  -0.0001269724     0.006703847       0.6542709        25.06166
      -33.70449               0
  -3.610124e-25    4.927898e-22               1        1538.462
  -2.457364e-09    6.704458e-06      0.02158441       -168.0442
  -1.163307e-08    4.009459e-05     -0.06161854        49.49955
       1538.462        2115.385
