              0               0               0       -1019.231
   4.436961e-07   -3.361551e-06      -0.9994662       -259.1218
   8.450388e-06   -3.805704e-05      0.03346064       -29.42951
       1046.942        1075.211
   -3.17765e-24    3.030207e-22               1       -1019.231
   2.726598e-06   -0.0004109486       0.5598944       -287.3681
  -7.493107e-07    -0.001291874        0.521661       -28.32313
      -1019.231       -865.3846
              0               0               0       -865.3846
   2.841695e-06   -8.161592e-06       -0.984675       -180.0297
   1.422042e-05   -2.822517e-05       0.1745937        14.77391
       790.5083        811.8583
   -3.17765e-24    3.030207e-22               1       -1019.231
   2.166672e-06   -0.0003290337       0.5134372       -259.1218
  -1.883662e-06    -0.001081587       0.4983039       -29.42951
      -1019.231       -865.3846
