              0               0               0        2115.385
   2.536739e-06    0.0001292029      -0.9676067       -29.47878
    1.20021e-06    0.0006427497       0.2553719       -25.46407
      -168.5224        -134.818
   9.672408e-26   -1.320394e-22               1        2115.385
   1.450154e-09   -4.849407e-06      0.01968954       -61.84757
  -2.132839e-09    8.977132e-06    -0.005939214       -16.08078
       2115.385        2692.308
              0               0               0        2692.308
   2.923364e-06    9.383635e-05      -0.9821384       -21.85891
   1.696049e-06    0.0006985762       0.1920517       -23.52892
      -153.4292       -122.7434
   9.672408e-26   -1.320394e-22               1        2115.385
   2.316993e-09   -6.678105e-06      0.01628933       -29.47878
  -4.911234e-10    4.966162e-06    0.0006526305       -25.46407
       2115.385        2692.308
