              0               0               0       -1173.077
   7.731689e-07    2.330532e-05      -0.9948997       -404.0121
   -6.43476e-06   -0.0001676199     -0.09960776       -115.9234
       1397.735        1433.541
    7.61619e-25   -4.849574e-23               1       -1173.077
  -5.213802e-06      0.00177742       0.4724366       -439.5706
  -9.118876e-06     0.002455177       0.4549455       -120.0003
      -1173.077       -1019.231
              0               0               0       -1019.231
  -4.849069e-07   -6.856479e-06      -0.9978177       -315.5806
  -1.031582e-05   -0.0001962576      0.06520249       -26.55615
       1103.479        1131.748
    7.61619e-25   -4.849574e-23               1       -1173.077
  -4.621203e-06     0.001622841       0.4345148       -404.0121
  -8.222491e-06     0.002282408       0.4243627       -115.9234
      -1173.077       -1019.231
