              0               0               0        557.6923
  -0.0001346536       0.0110693      -0.2281985        114.6261
  -4.712321e-06    0.0003220343       -1.001573         47.2465
      -394.4484        -374.726
   2.146718e-21   -7.814377e-19               1        557.6923
   3.966306e-06    0.0004190862     -0.00438908        113.3982
   5.807038e-06    -0.001077071     -0.07040948        27.58217
       557.6923        711.5385
              0               0               0        711.5385
  -9.326999e-06    -0.003710247      -0.1429322        140.5963
   2.096276e-05    0.0001499187       -0.985917        28.88997
      -337.3667       -320.4983
   2.146718e-21   -7.814377e-19               1        557.6923
   5.153225e-06     0.000383216     -0.01212024        114.6261
      5.358e-06    -0.001156805     -0.06816394         47.2465
       557.6923        711.5385
