              0               0               0       -307.6923
   -1.60935e-05    -0.002588776       0.8077078        83.76997
   3.240561e-06      -0.0035665       -0.590083        116.7432
       241.9574          259.24
  -2.352002e-22    4.979552e-20               1       -307.6923
   3.278818e-07   -0.0002058242      0.03019529          96.873
  -7.293381e-07    0.0004698092      -0.0803318        105.4964
      -307.6923               0
              0               0               0               0
  -7.653179e-06    -0.002774238       0.8095903          83.274
   1.184046e-05    -0.003798114       -0.587137        115.0638
       238.6177        255.6618
  -2.352002e-22    4.979552e-20               1       -307.6923
   3.627248e-07   -0.0002375683      0.03714523        83.76997
  -7.103111e-07    0.0004580461     -0.07914685        116.7432
      -307.6923               0
