              0               0               0       -1538.462
   6.375846e-07   -6.235351e-05       0.8816149       -226.2583
  -1.199489e-06    0.0001164298       0.4719702        9.863583
       256.1753        292.7718
  -5.358563e-26    1.024235e-23               1       -1538.462
   1.157583e-06   -0.0001420371     -0.08068424       -194.0466
   1.147202e-06   -0.0002082601      -0.1182551        27.23317
      -1538.462       -1173.077
              0               0               0       -1173.077
   6.973189e-07   -6.934521e-05       0.8438343       -216.2339
  -1.098905e-06    0.0001085469       0.5366082       -7.155121
       251.0944        286.9651
  -5.358563e-26    1.024235e-23               1       -1538.462
   1.214019e-06   -0.0001434864     -0.08221569       -226.2583
   1.355978e-06   -0.0002414104      -0.1394009        9.863583
      -1538.462       -1173.077
