              0               0               0       -711.5385
  -1.152015e-05    -0.003043158       0.6454594        115.1783
    2.77569e-05    -0.002828519      -0.7656664        68.53252
       283.9167        300.6176
  -4.461828e-23    4.351327e-21               1       -711.5385
   7.306029e-07   -4.234815e-05     -0.05498816        125.0556
  -3.345261e-06    0.0005245368       0.1439817         55.0855
      -711.5385       -557.6923
              0               0               0       -557.6923
  -6.439977e-06    -0.004203285       0.4800445        111.0621
   1.349291e-05    -0.002292476       -0.877418        93.78288
       303.3939        321.2406
  -4.461828e-23    4.351327e-21               1       -711.5385
   1.360904e-06   -0.0003290126    -0.008348562        115.1783
  -3.109358e-06    0.0003689673       0.1809574        68.53252
      -711.5385       -557.6923
