              0               0               0       -1538.462
   -0.000344683     0.006346358         1.11861        193.1425
  -6.520701e-05    -0.002296783      -0.2250214        91.25022
       695.3331        731.9295
  -5.358563e-26    1.024235e-23               1       -1538.462
  -4.033806e-07    2.723472e-05      0.02997317        225.6851
  -9.719673e-07    0.0001630268       0.1093981         76.7431
      -1538.462       -1173.077
              0               0               0       -1173.077
  -0.0003532886     0.006649047        1.132557        187.7206
  -9.474537e-05    -0.001854497      -0.1413509        102.8965
        681.542        717.4126
  -5.358563e-26    1.024235e-23               1       -1538.462
  -1.911929e-07   -2.499441e-06      0.01159994        193.1425
  -8.830232e-07    0.0001430188      0.09750594        91.25022
      -1538.462       -1173.077
