              0               0               0        711.5385
  -9.326999e-06    -0.003710247      -0.1429322        140.5963
   2.096276e-05    0.0001499187       -0.985917        28.88997
      -337.3667       -320.4983
  -5.749011e-22    2.093553e-19               1        711.5385
  -5.763366e-06     0.002249689       0.4061917        137.0848
  -7.129232e-06       0.0016031      0.01051813        12.40247
       711.5385        865.3846
              0               0               0        865.3846
  -4.598706e-06    0.0002781326      -0.9539621        250.4547
   1.541688e-05    -0.000949716      -0.2978991        32.08911
      -391.8459       -372.2536
  -5.749011e-22    2.093553e-19               1        711.5385
  -7.710117e-06     0.002761628       0.4717018        140.5963
  -5.831813e-06     0.001316118     -0.04365425        28.88997
       711.5385        865.3846
