              0               0               0       -865.3846
   1.520446e-07   -1.790009e-05      -0.9841186        -159.012
   1.149621e-06   -0.0001018587        0.177371        11.02227
       769.1582        790.5083
   1.194898e-23   -1.163587e-21               1       -865.3846
   -5.05886e-06    0.0006709688       0.5660426       -180.0297
   4.293916e-06    -0.001950969      0.03175684        14.77391
      -865.3846       -711.5385
              0               0               0       -711.5385
  -3.889433e-07     0.002347279      -0.7605148        -83.4059
  -1.253648e-05      0.00273161        0.649252       -22.46244
       601.9836        618.7313
   1.194898e-23   -1.163587e-21               1       -865.3846
  -4.264276e-06    0.0005406241       0.5091962        -159.012
   5.317154e-06    -0.002213278    -0.002996038        11.02227
      -865.3846       -711.5385
