              0               0               0        865.3846
  -5.752609e-05     0.003379256       0.8631296       -92.37408
  -3.540298e-05    4.576079e-06       0.4335273        46.76345
       39.19061        58.78591
   1.528862e-22   -5.598364e-20               1        865.3846
   1.301635e-06    -0.000362927    -0.002643085       -74.59607
  -2.781217e-06     0.001255568    0.0002858334        54.99393
       865.3846        1019.231
              0               0               0        1019.231
  -3.788897e-05     0.002628992       0.9299516       -104.6965
  -1.566567e-05   -0.0001651031       0.2452946        68.52325
       53.11865        79.67797
   1.528862e-22   -5.598364e-20               1        865.3846
   8.650619e-07   -0.0002187693     -0.06691398       -92.37408
  -1.978721e-06     0.001007359      0.03329398        46.76345
       865.3846        1019.231
