              0               0               0        4423.077
   5.999187e-05   -0.0004416726      -0.9821005       -49.78382
  -1.013993e-05     0.001637168       0.2360785        -2.74597
      -64.94548       -43.29699
  -1.362311e-27    6.195073e-40               1        4423.077
  -8.542062e-10   -5.923058e-07      0.02278655       -70.64315
  -2.453636e-09    -1.13876e-07     0.004942104        3.029167
       4423.077            5000
              0               0               0            5000
   7.893745e-05    -0.000502747      -0.9847642       -39.83869
  -1.633802e-05     0.001970581       0.2239179       0.6186003
       -55.9203        -37.2802
  -1.362311e-27    6.195073e-40               1        4423.077
  -6.078012e-10    -5.62914e-07      0.01776528       -49.78382
   -3.49783e-09   -6.976346e-07     0.007398622        -2.74597
       4423.077            5000
