              0               0               0       -307.6923
   8.896574e-06    -0.002617791      -0.8060935         83.9128
   1.229534e-05      0.00354312      -0.5919898        -62.0035
       449.3342        466.6143
  -2.352002e-22    4.979552e-20               1       -307.6923
  -6.915285e-07    0.0004713799     -0.08144876        69.24762
   1.183844e-08    1.282739e-05     0.001357311       -71.11173
      -307.6923               0
              0               0               0               0
   1.380411e-05    -0.002705361      -0.8106378        83.20508
   3.775692e-06     0.003762764      -0.5854469       -60.26744
       443.1567        460.2025
  -2.352002e-22    4.979552e-20               1       -307.6923
  -6.160702e-07     0.000414818     -0.07161022         83.9128
  -1.545074e-07    0.0001140703     -0.01482845        -62.0035
      -307.6923               0
