              0               0               0       -1538.462
  -5.222473e-07    -0.000143397      -0.9691355       -25.42473
   4.065697e-06    0.0005461315      -0.2467267       -56.87046
       1024.289        1060.834
  -5.358563e-26    1.024235e-23               1       -1538.462
   1.997258e-07   -4.850953e-06     0.007100155       -61.05876
    7.11367e-07   -0.0001013965     -0.06674625       -64.95927
      -1538.462       -1173.077
              0               0               0       -1173.077
  -6.950841e-07   -0.0001941519      -0.9484632       -15.12738
   3.679974e-06    0.0005714399      -0.3170321       -57.73295
       1003.864         1039.67
  -5.358563e-26    1.024235e-23               1       -1538.462
   8.948332e-08    5.423734e-06       0.0142539       -25.42473
    5.31536e-07    -7.13822e-05     -0.04724174       -56.87046
      -1538.462       -1173.077
