              0               0               0        1019.231
   4.576758e-07    7.809025e-05       0.9338804        179.2566
   1.385765e-06    0.0002017975      -0.3575657        40.29005
       345.2712        371.8305
  -3.664376e-23    1.457923e-20               1        1019.231
  -2.013189e-06   -1.219183e-05       0.4611562        204.1235
   4.326155e-06    -0.001084378      -0.1941171        30.96165
       1019.231        1173.077
              0               0               0        1173.077
     1.4322e-07    8.396481e-05       0.8695099        238.0665
   2.731924e-07    0.0001487501      -0.4938913        7.639276
       437.8266        471.5055
  -3.664376e-23    1.457923e-20               1        1019.231
  -1.997572e-06    3.397524e-05       0.4243168        179.2566
   3.891681e-06     -0.00102032      -0.1473685        40.29005
       1019.231        1173.077
