              0               0               0       -1538.462
  -1.240584e-06    0.0004847004       0.9333633       -95.65109
  -2.375176e-07    -0.001246604       0.3585937        75.75448
       402.5612        439.1577
  -5.358563e-26    1.024235e-23               1       -1538.462
   8.740988e-07   -0.0001269976     -0.06863563       -60.90493
    3.03409e-07   -7.112449e-05     -0.03261431        87.19653
      -1538.462       -1173.077
              0               0               0       -1173.077
  -1.339073e-06    0.0005930378       0.9037641       -93.41868
  -1.861581e-07    -0.001240119       0.4277504        66.84539
        394.577        430.4476
  -5.358563e-26    1.024235e-23               1       -1538.462
   9.669911e-07   -0.0001343876     -0.07388614       -95.65109
   5.090628e-07   -0.0001053478     -0.05385321        75.75448
      -1538.462       -1173.077
