              0               0               0       -865.3846
  -5.639144e-05     0.000290975       0.9619825        113.9246
    3.48459e-05     -0.00190455      -0.3089377        55.62246
       363.4233        384.8011
   1.194898e-23   -1.163587e-21               1       -865.3846
  -4.280517e-07    0.0001552142     -0.07235217        134.0717
  -8.619205e-07    0.0009223462     -0.07861574        48.48808
      -865.3846       -711.5385
              0               0               0       -711.5385
  -1.152015e-05    -0.003043158       0.6454594        115.1783
    2.77569e-05    -0.002828519      -0.7656664        68.53252
       283.9167        300.6176
   1.194898e-23   -1.163587e-21               1       -865.3846
  -1.441547e-06    0.0003363167    -0.009472277        113.9246
  -1.701741e-06     0.001154386     -0.05340465        55.62246
      -865.3846       -711.5385
