              0               0               0        307.6923
   1.471916e-05    -0.003961981      -0.5892716        106.7399
   7.537401e-06     0.002843799       -0.807323        -35.9226
       -271.532       -254.5613
  -1.867855e-21    6.194539e-19               1        307.6923
  -8.257717e-07    0.0001792087      0.02216171        95.67041
  -5.012774e-07    8.652998e-05       0.0108382       -48.76761
       307.6923        557.6923
              0               0               0        557.6923
  -6.819429e-06    -0.004267478      -0.3431077        107.9879
    2.25369e-05     0.001503393      -0.9393977       -30.71287
      -315.5587       -295.8363
  -1.867855e-21    6.194539e-19               1        307.6923
  -5.537542e-07     0.000109768      0.01215939        106.7399
   -1.01673e-06    0.0002125059      0.03125808        -35.9226
       307.6923        557.6923
