              0               0               0        2692.308
   4.161679e-07    0.0001038404       0.9859156        373.5226
   8.195376e-06    0.0006516278       -0.167009        12.38604
       553.3079        584.0472
  -2.588391e-26    3.536769e-23               1        2692.308
  -4.632497e-10   -2.620089e-08     -0.06455753        403.9392
   4.876877e-09    -1.95351e-05      0.03314136        8.106064
       2692.308        3269.231
              0               0               0        3269.231
   2.645811e-07    8.506225e-05        0.991061        339.0536
    1.08598e-05    0.0006803753      -0.1334721        24.60622
       498.9607        526.6807
  -2.588391e-26    3.536769e-23               1        2692.308
  -2.964136e-10     -5.5861e-08     -0.05961549        373.5226
   4.486347e-09   -1.802438e-05      0.03008709        12.38604
       2692.308        3269.231
