              0               0               0        1173.077
  -1.295947e-06   -0.0002694125       0.9792035        55.13099
  -2.730745e-07    -0.001299692      -0.2027376        90.95985
       235.7528        269.4317
   2.578164e-24   -2.333275e-21               1        1173.077
   5.572832e-07   -0.0005937037       0.1779216        87.75446
  -1.056797e-07    9.546533e-05     -0.01024153        82.64721
       1173.077        1538.462
              0               0               0        1538.462
  -1.022124e-06   -0.0002305917       0.9818513        64.93535
  -1.556206e-07    -0.001188546      -0.1895833        95.08391
        257.468        294.2492
   2.578164e-24   -2.333275e-21               1        1173.077
    4.79677e-07   -0.0005062325       0.1477628        55.13099
   1.378542e-08   -2.795809e-05      0.01966192        90.95985
       1173.077        1538.462
