              0               0               0       -1019.231
  -2.977709e-06   -8.851237e-06       0.9992367        61.91216
  -4.152158e-07   -0.0009056108     -0.05480678        87.24559
       424.7803         453.099
   -3.17765e-24    3.030207e-22               1       -1019.231
   1.892227e-06   -0.0004012878      0.03800218        90.13451
   3.614758e-06   -0.0003010351       -0.191777        84.95786
      -1019.231       -865.3846
              0               0               0       -865.3846
  -4.444529e-06   -0.0002061297       0.9811691        72.53563
   4.118157e-06    -0.001284796      -0.1971163        66.25198
       320.6676        342.0454
   -3.17765e-24    3.030207e-22               1       -1019.231
   2.252855e-06   -0.0004684338       0.0877973        61.91216
   4.375785e-06    -0.000470317      -0.1676709        87.24559
      -1019.231       -865.3846
