              0               0               0       -4423.077
   6.443123e-07   -0.0001564931       0.9899415       -207.0603
   -6.62107e-06     0.001056538       0.1414155         36.2109
        64.4483        85.93106
   2.831483e-29     1.28761e-41               1       -4423.077
  -2.389795e-10   -1.347008e-07     -0.05017132       -185.8594
  -8.894472e-10   -1.499222e-06    -0.001711587        39.67085
      -4423.077       -3846.154
              0               0               0       -3846.154
   5.565934e-07   -0.0001557213       0.9874935       -238.9925
  -5.196598e-06    0.0009501425       0.1575833        33.66109
       73.46643        97.95524
   2.831483e-29     1.28761e-41               1       -4423.077
   -3.49363e-10   -6.843629e-08     -0.05519338       -207.0603
  -6.708601e-10   -1.744684e-06    -0.003189833         36.2109
      -4423.077       -3846.154
