              0               0               0       -865.3846
  -4.132086e-07   -7.427296e-06      -0.9815378       -96.05803
  -2.187357e-06   -3.875854e-05       0.1912166      -0.7680516
       705.1079         726.458
   1.194898e-23   -1.163587e-21               1       -865.3846
  -2.959256e-06     0.000403022       0.4063307       -117.0213
   6.689276e-06     -0.00254817       -0.055775        3.275485
      -865.3846       -711.5385
              0               0               0       -711.5385
   1.045202e-05     0.001038677       -0.925908       -40.57914
   7.792713e-06     0.002563576       0.3781694       -48.34829
       551.7403        568.4881
   1.194898e-23   -1.163587e-21               1       -865.3846
   -2.41819e-06    0.0003821871         0.35905       -96.05803
   7.087833e-06    -0.002620732     -0.07384145      -0.7680516
      -865.3846       -711.5385
