              0               0               0        4423.077
  -5.524282e-07    0.0001021696      -0.9963082        14.33439
  -3.921054e-07     0.001013811      0.08353974       -12.68049
       -129.891       -108.2425
  -1.362311e-27    6.195073e-40               1        4423.077
  -1.704197e-10   -4.646005e-07     0.007454538       -7.191905
  -6.764098e-09   -2.207128e-06      0.01205953       -10.40083
       4423.077            5000
              0               0               0            5000
  -2.463622e-07    8.596412e-05      -0.9974272         15.4853
   5.630779e-06     0.000978992      0.06913491       -7.142198
      -111.8406        -93.2005
  -1.362311e-27    6.195073e-40               1        4423.077
   4.760262e-11    -3.95709e-07     0.002207355        14.33439
  -9.165245e-09   -3.155927e-06        0.014471       -12.68049
       4423.077            5000
