              0               0               0       -711.5385
   1.126396e-05     0.003421002      -0.4903086       -115.3279
  -6.526817e-06     0.001901829       0.8719372        15.98792
       652.2268        668.9746
  -4.461828e-23    4.351327e-21               1       -711.5385
   3.323219e-06    -0.002474466       0.5998931        -122.527
   4.417196e-06   -0.0009065098      -0.1107388        31.09369
      -711.5385       -557.6923
              0               0               0       -557.6923
    1.78139e-06     0.004548616      -0.1614552       -75.27913
  -1.433161e-05    0.0007418239       0.9872346       -8.734309
       689.2987        706.7916
  -4.461828e-23    4.351327e-21               1       -711.5385
   2.811368e-06    -0.002162391       0.5264512       -115.3279
    3.54984e-06    -0.000521007      -0.1645595        15.98792
      -711.5385       -557.6923
