              0               0               0       -1019.231
   3.704098e-08    -3.69904e-06      -0.9992351       -202.6209
   7.037451e-07   -9.211401e-05      0.03897404       -31.44834
       990.4046        1018.673
   -3.17765e-24    3.030207e-22               1       -1019.231
   1.734556e-06   -0.0002599401       0.4660141       -230.8701
  -2.882954e-06   -0.0008826845       0.4733059       -30.40431
      -1019.231       -865.3846
              0               0               0       -865.3846
  -6.269894e-08   -1.388421e-05        -0.98344       -138.0085
  -4.180216e-07   -7.508427e-05       0.1811487        7.193018
       747.8081        769.1582
   -3.17765e-24    3.030207e-22               1       -1019.231
   1.421635e-06   -0.0002018666       0.4173887       -202.6209
  -3.698375e-06   -0.0007037877       0.4469794       -31.44834
      -1019.231       -865.3846
