              0               0               0       -3269.231
  -1.151715e-06    0.0001867345      -0.9935702       -82.24216
   -1.34056e-05     0.001582511       0.1113892       -25.37655
       824.9574        852.4313
   5.379818e-28   -1.960258e-25               1       -3269.231
  -3.421784e-10    3.664946e-07     -0.02143819       -109.4223
   8.576104e-09   -2.491895e-05    -0.005819422       -21.39976
      -3269.231       -2692.308
              0               0               0       -2692.308
  -4.977114e-07    0.0001184173       -0.996857       -91.44178
  -1.078759e-05     0.001448268      0.07646871       -34.77568
       915.4723        945.9565
   5.379818e-28   -1.960258e-25               1       -3269.231
  -2.645331e-10     1.21052e-06     -0.01655633       -82.24216
   6.494836e-09   -1.963411e-05    -0.007126196       -25.37655
      -3269.231       -2692.308
