              0               0               0       -3269.231
  -8.375883e-06    0.0003082801      -0.9736619        108.3377
  -2.909338e-06     0.001241375      -0.2681795       -8.059411
       632.6402        660.1141
   5.379818e-28   -1.960258e-25               1       -3269.231
   1.537374e-09    1.323115e-06      0.01308846         81.6464
   4.619757e-09    -1.65021e-06    -0.004558661       -14.55067
      -3269.231       -2692.308
              0               0               0       -2692.308
  -6.444948e-06    0.0002301621      -0.9648584        119.3147
  -3.517665e-06     0.001163115      -0.2980314       -8.738784
       702.0828         732.567
   5.379818e-28   -1.960258e-25               1       -3269.231
   1.617504e-09    1.200424e-06      0.01779587        108.3377
   5.829942e-09   -6.377568e-07    -0.002750083       -8.059411
      -3269.231       -2692.308
