              0               0               0       -1173.077
  -4.166515e-07    0.0001616236       0.9849528        9.037807
   2.019504e-06    -0.001005817       0.1717433        98.65376
       502.1889        538.0595
    7.61619e-25   -4.849574e-23               1       -1173.077
   -1.98821e-06    0.0004492018      0.09075608        44.55742
  -4.679547e-07   -0.0002543379     -0.05618552        103.6133
      -1173.077       -1019.231
              0               0               0       -1019.231
   -2.06376e-08   -7.097948e-06       0.9996883        33.60846
   5.300507e-06    -0.001355921     0.009236839        87.95102
       396.4616        424.7803
    7.61619e-25   -4.849574e-23               1       -1173.077
  -2.408322e-06    0.0005903479       0.1258882        9.037807
  -1.189429e-06   -9.134371e-05     -0.02736278        98.65376
      -1173.077       -1019.231
