              0               0               0        711.5385
  -1.360366e-05    -0.001586536       0.9161837        70.63397
   -1.40255e-08     -0.00364616      -0.4020805        117.6981
        219.057        235.9076
  -5.749011e-22    2.093553e-19               1        711.5385
  -1.682107e-06     0.001096548        0.195812         85.5566
   6.147989e-06    -0.001310005      -0.2957593        109.8874
       711.5385        865.3846
              0               0               0        865.3846
   1.822915e-06   -8.925479e-05       0.9672916        116.5764
   6.678157e-06    -0.000330353      -0.2537019        60.81479
       254.7389        274.3343
  -5.749011e-22    2.093553e-19               1        711.5385
  -1.690035e-06     0.001041522       0.1783924        70.63397
   6.962728e-06    -0.001445101      -0.3122164        117.6981
       711.5385        865.3846
