              0               0               0       -307.6923
  -8.282424e-06    -0.002159349       0.8897681        69.08013
    1.11926e-05    -0.004146814      -0.4567763        125.8183
       224.6747        241.9574
  -2.352002e-22    4.979552e-20               1       -307.6923
   3.627248e-07   -0.0002375683      0.03714523        83.76997
  -7.103111e-07    0.0004580461     -0.07914685        116.7432
      -307.6923               0
              0               0               0               0
  -1.460168e-05    -0.002027619       0.8914337        68.74162
   4.393882e-06    -0.004022783      -0.4538366        123.9459
       221.5736        238.6177
  -2.352002e-22    4.979552e-20               1       -307.6923
   4.044553e-07   -0.0002729985      0.04460774        69.08013
  -6.727479e-07    0.0004332885     -0.07571276        125.8183
      -307.6923               0
