              0               0               0       -307.6923
   1.622276e-05     0.002072595      -0.8903212       -30.62931
  -2.524229e-06     0.004048622       0.4564568       -71.24314
       570.2951        587.5752
  -2.352002e-22    4.979552e-20               1       -307.6923
  -4.974486e-07    0.0003980087     -0.07230508       -45.31158
   6.613547e-07   -0.0004769307      0.09041994        -62.1596
      -307.6923               0
              0               0               0               0
   1.266754e-05      0.00206061      -0.8908065       -29.84602
  -6.673697e-06       0.0040569       0.4542995       -69.11517
       562.4768        579.5225
  -2.352002e-22    4.979552e-20               1       -307.6923
  -5.476844e-07    0.0004308644     -0.07817619       -30.62931
   6.506037e-07    -0.000452978      0.08469813       -71.24314
      -307.6923               0
