              0               0               0       -2115.385
   5.138238e-07    0.0003103401       0.9484695       -111.9006
  -5.712167e-06   -0.0008877312       0.3170928        75.12616
        335.547        369.1017
   7.503431e-27   -2.744361e-24               1       -2115.385
  -9.398801e-08      2.8284e-05     -0.01267255       -79.70617
  -6.661243e-08    9.942991e-06     0.001188005         84.5508
      -2115.385       -1538.462
              0               0               0       -1538.462
   8.927644e-07    0.0003866843       0.9014737       -129.2035
  -4.221034e-06   -0.0007831794       0.4328767        61.16852
       365.9648        402.5612
   7.503431e-27   -2.744361e-24               1       -2115.385
  -9.841484e-08    3.177344e-05     -0.01556607       -111.9006
  -8.894462e-08    1.394779e-05    -0.002635697        75.12616
      -2115.385       -1538.462
