              0               0               0       -2115.385
  -5.652176e-07    4.807377e-05      -0.9960721       -365.1489
  -7.282806e-06    0.0005591998      0.08783986       -28.36227
       1274.101        1307.602
   7.503431e-27   -2.744361e-24               1       -2115.385
  -1.312276e-07    6.261092e-05     -0.03954555        -398.485
  -2.626784e-07    3.981222e-05     -0.04167127       -25.06583
      -2115.385       -1538.462
              0               0               0       -1538.462
   3.039206e-07   -2.065073e-05      -0.9992548       -389.1286
  -6.213013e-06    0.0005163251     -0.03703954       -85.32891
       1389.739        1426.284
   7.503431e-27   -2.744361e-24               1       -2115.385
  -1.175133e-07    5.736235e-05     -0.03554528       -365.1489
  -2.411687e-07    3.607983e-05     -0.03928679       -28.36227
      -2115.385       -1538.462
