              0               0               0       -1173.077
   3.674572e-08    5.513441e-06      -0.9933096       -190.7581
  -3.115496e-07   -4.521959e-05      -0.1154912       -89.99276
       1182.896        1218.702
    7.61619e-25   -4.849574e-23               1       -1173.077
  -2.264555e-06      0.00089282       0.2538501       -226.3162
  -4.320642e-06     0.001453631       0.2789269       -94.20037
      -1173.077       -1019.231
              0               0               0       -1019.231
   4.476546e-09   -3.078262e-06      -0.9988909       -146.1368
   9.470941e-08   -7.105071e-05      0.04714942       -33.89417
       933.8671        962.1358
    7.61619e-25   -4.849574e-23               1       -1173.077
  -1.866427e-06    0.0007510497       0.2186683       -190.7581
  -3.672218e-06      0.00129769       0.2519127       -89.99276
      -1173.077       -1019.231
