              0               0               0               0
   1.083604e-05    -0.003259485      -0.7089627        96.18326
   9.476323e-06     0.003278172      -0.7054647       -49.24171
        426.111        443.1567
   8.523301e-22   -1.673124e-19               1               0
   3.915357e-07   -0.0001538621     0.008683891        83.20508
  -9.365511e-09   -2.855193e-05       0.0114849       -60.26744
              0        307.6923
              0               0               0        307.6923
   7.661676e-06    -0.003212595      -0.7110296        95.67041
   1.652339e-05     0.003227545      -0.7042878       -48.76761
      -254.5613       -237.5905
   8.523301e-22   -1.673124e-19               1               0
   3.307401e-07   -0.0001260898     0.005817444        96.18326
   1.830191e-07   -8.241072e-05     0.009570733       -49.24171
              0        307.6923
