              0               0               0        4423.077
  -1.344632e-05    0.0004316049      -0.9818826       -28.59339
   6.588957e-06     0.001209245       0.1744579       -7.156292
      -86.59398       -64.94548
  -1.362311e-27    6.195073e-40               1        4423.077
  -6.078012e-10    -5.62914e-07      0.01776528       -49.78382
   -3.49783e-09   -6.976346e-07     0.007398622        -2.74597
       4423.077            5000
              0               0               0            5000
  -1.750031e-05    0.0004758756      -0.9842633       -21.54393
   1.050339e-05     0.001383229       0.1614026       -2.938593
       -74.5604        -55.9203
  -1.362311e-27    6.195073e-40               1        4423.077
   -3.98018e-10   -5.247739e-07       0.0126543       -28.59339
  -4.961676e-09   -1.407437e-06     0.009774107       -7.156292
       4423.077            5000
