              0               0               0       -3269.231
   7.298923e-07   -2.843502e-05      -0.9996625       -27.37204
   7.590322e-06    0.0007558019     -0.02875865       -27.23073
       770.0096        797.4835
   5.379818e-28   -1.960258e-25               1       -3269.231
  -3.064593e-11    1.655072e-06     -0.01158992       -54.84298
      4.492e-09   -1.445051e-05    -0.007971511       -27.29294
      -3269.231       -2692.308
              0               0               0       -2692.308
    3.50387e-07   -4.649405e-05      -0.9981685       -30.52281
   5.627546e-06    0.0006814098     -0.06137499       -34.76071
       854.5039        884.9881
   5.379818e-28   -1.960258e-25               1       -3269.231
   3.284092e-10    1.760661e-06    -0.006586415       -27.37204
   3.607365e-09   -1.069874e-05      -0.0080803       -27.23073
      -3269.231       -2692.308
