              0               0               0       -711.5385
  -5.982327e-06     0.001285553       0.9013092       -52.01426
   3.645499e-06      -0.0027689       0.4330767        99.61939
       100.2059        116.9069
  -4.461828e-23    4.351327e-21               1       -711.5385
   7.095831e-06    -0.002423293        0.170791       -36.63081
   3.634318e-06    -0.001727254       0.2932684        106.0969
      -711.5385       -557.6923
              0               0               0       -557.6923
  -1.262014e-05     0.003981374       0.6202089       -54.13809
  -6.945193e-06    -0.003221909       0.7834113        110.6514
       107.0802        124.9269
  -4.461828e-23    4.351327e-21               1       -711.5385
   6.917332e-06    -0.002463275       0.2014367       -52.01426
   4.690289e-06    -0.001929778       0.2575846        99.61939
      -711.5385       -557.6923
