              0               0               0        1538.462
   -4.99446e-09   -3.522953e-06      -0.9981023         318.561
  -1.372805e-07   -5.774555e-05      0.06161078       -83.77274
      -550.7586       -514.0414
  -3.610124e-25    4.927898e-22               1        1538.462
   3.408971e-09   -1.928941e-05    -0.008302914        281.9085
   3.876441e-09   -4.172338e-05      0.09454017       -81.59521
       1538.462        2115.385
              0               0               0        2115.385
   9.775653e-10    5.267396e-06      -0.9975689        304.9692
   4.023874e-08   -7.483076e-05     -0.06970969       -37.76266
      -505.5673       -471.8628
  -3.610124e-25    4.927898e-22               1        1538.462
   3.583715e-09   -1.989863e-05     -0.01327205         318.561
   5.459105e-09   -4.870194e-05       0.1060311       -83.77274
       1538.462        2115.385
