              0               0               0        1538.462
  -0.0003410296      0.03129113       0.2033176       -187.4103
   7.066186e-05    -0.009938045       0.6549916        79.43869
              0        36.78114
  -3.610124e-25    4.927898e-22               1        1538.462
  -5.478949e-09    1.693583e-05     0.005265514       -154.5692
  -8.209253e-09     3.40217e-05     -0.06352276        93.60142
       1538.462        2115.385
              0               0               0        2115.385
  -0.0004109016      0.03515392       0.1140432       -175.0557
   2.829657e-05    -0.006134769       0.6734514        49.86753
              0        33.76308
  -3.610124e-25    4.927898e-22               1        1538.462
  -4.318315e-09    1.326383e-05      0.01519963       -187.4103
  -9.802224e-09    4.063051e-05     -0.07143479        79.43869
       1538.462        2115.385
