              0               0               0           -5000
   1.170778e-06   -5.675363e-05       0.9745502       -102.6357
  -5.049527e-06    0.0002446853       0.2241728        51.34926
       129.2534        147.7181
   2.831483e-29   -4.900644e-26               1           -5000
   3.318247e-10   -1.063123e-06     -0.02962939       -84.65281
  -2.043373e-09    3.124127e-06     0.004027962         55.5402
          -5000       -4423.077
              0               0               0       -4423.077
   8.906116e-07    -5.35718e-05       0.9714608       -122.8906
  -3.705528e-06    0.0002190321       0.2372116        53.35117
       150.3794        171.8621
   2.831483e-29   -4.900644e-26               1           -5000
   1.885272e-10   -7.219923e-07     -0.03475474       -102.6357
   -1.77716e-09    2.397049e-06     0.002678574        51.34926
          -5000       -4423.077
