              0               0               0       -2115.385
  -1.672803e-08   -4.017979e-06      -0.9964404       -198.1338
  -1.864831e-07   -5.112264e-05      0.08437899       -41.09415
       1106.599          1140.1
   7.503431e-27   -2.744361e-24               1       -2115.385
  -6.793381e-08    3.815167e-05     -0.01953934       -231.5201
  -1.586182e-07    2.364361e-05     -0.02943447        -38.3318
      -2115.385       -1538.462
              0               0               0       -1538.462
    1.11324e-08    1.795482e-06      -0.9991689       -206.6276
  -2.646601e-07    -3.92978e-05     -0.04087872       -76.34275
       1207.014        1243.559
   7.503431e-27   -2.744361e-24               1       -2115.385
  -5.598722e-08    3.358206e-05     -0.01546204       -198.1338
  -1.395847e-07    2.127339e-05     -0.02691128       -41.09415
      -2115.385       -1538.462
