              0               0               0       -3269.231
  -1.765263e-06    8.132916e-05       0.9987522       -29.83106
   1.498593e-06    -0.001715128      0.05106798        84.39914
       330.1311        357.6421
   5.379818e-28   -1.960258e-25               1       -3269.231
  -5.949525e-09    -1.39867e-07    -0.005451855       -2.329666
   -7.67624e-10    -1.54083e-06      0.01053126        84.53718
      -3269.231       -2692.308
              0               0               0       -2692.308
   -1.44662e-06    0.0001197242        0.996683       -37.16463
   9.482722e-07    -0.001529783      0.08180703        88.85399
       366.3781        396.9096
   5.379818e-28   -1.960258e-25               1       -3269.231
  -6.617413e-09    1.687452e-07     -0.01060633       -29.83106
   -3.43934e-09    -7.87233e-07     0.009320669        84.39914
      -3269.231       -2692.308
