              0               0               0       -1173.077
   -1.33625e-06      0.00030542       0.9681997       -26.02344
   1.668418e-06    -0.001185358       0.2503421        91.12203
       466.3182        502.1889
    7.61619e-25   -4.849574e-23               1       -1173.077
  -2.408322e-06    0.0005903479       0.1258882        9.037807
  -1.189429e-06   -9.134371e-05     -0.02736278        98.65376
      -1173.077       -1019.231
              0               0               0       -1019.231
  -1.699216e-06    0.0001372608       0.9960023        5.331493
   1.620165e-06    -0.001493564      0.08993051        86.56527
       368.1429        396.4616
    7.61619e-25   -4.849574e-23               1       -1173.077
  -2.766494e-06    0.0007187014       0.1587168       -26.02344
  -1.916498e-06    7.977267e-05     0.003469264        91.12203
      -1173.077       -1019.231
