              0               0               0       -3269.231
  -1.722226e-06   -3.230175e-05      -0.9813667       -325.8465
  -9.792869e-06    -0.000203959       0.1915333        16.86873
       1072.222        1099.696
   5.379818e-28   -1.960258e-25               1       -3269.231
  -1.086762e-08    4.641261e-06     -0.06904363       -352.8686
  -2.414582e-08   -4.440884e-06      -0.0134839        21.77386
      -3269.231       -2692.308
              0               0               0       -2692.308
  -1.288158e-06   -2.612321e-05       -0.986639       -363.1058
  -8.876637e-06   -0.0001996168       0.1624097        3.366059
        1189.83        1220.314
   5.379818e-28   -1.960258e-25               1       -3269.231
  -8.207074e-09    2.230557e-06     -0.06313795       -325.8465
  -1.494736e-08   -1.417851e-05     -0.01024964        16.86873
      -3269.231       -2692.308
