              0               0               0        2692.308
   -2.51144e-07     0.000116956      -0.9886068        8.374446
   -3.41648e-09    0.0006988907       0.1491693       -28.76429
      -184.1151       -153.4292
  -2.588391e-26    3.536769e-23               1        2692.308
   8.204579e-10   -2.667924e-06      0.01089739       -21.85891
  -5.330452e-09     4.11614e-06      0.00589242       -23.52892
       2692.308        3269.231
              0               0               0        3269.231
  -2.544234e-07    0.0001020301      -0.9930486         11.1114
   2.577097e-07    0.0007705561       0.1159535       -23.58828
      -166.0739       -138.3949
  -2.588391e-26    3.536769e-23               1        2692.308
   9.575895e-10   -2.903653e-06     0.006100508        8.374446
  -6.643815e-09    3.219399e-06     0.009325741       -28.76429
       2692.308        3269.231
