              0               0               0       -1019.231
   1.375759e-06   -0.0003090876       0.9784762       -315.8158
  -9.588707e-06     0.001525183       0.2014634       -20.83852
       28.31869        56.63738
   -3.17765e-24    3.030207e-22               1       -1019.231
   3.135659e-06   -0.0004999769       0.5753503       -288.3232
   5.129893e-06    -0.001861661       0.4448468       -14.12799
      -1019.231       -865.3846
              0               0               0       -865.3846
  -2.579052e-07   -9.796366e-05       0.9978685       -221.5086
  -1.567131e-05     0.002016496      0.05111832        27.06538
       21.37784        42.75568
   -3.17765e-24    3.030207e-22               1       -1019.231
   3.557381e-06   -0.0005416907       0.6121353       -315.8158
   3.713822e-06    -0.001822893       0.5039194       -20.83852
      -1019.231       -865.3846
