              0               0               0           -5000
   -4.81765e-06    0.0002749746       0.9947754       -30.32183
   3.605633e-06    -0.002708722        0.101031        66.14607
       203.1124        221.5772
   2.831483e-29   -4.900644e-26               1           -5000
    3.63512e-10   -1.261871e-06    -0.009241512       -11.89011
   2.122707e-10   -7.972364e-07      0.01080282        67.11075
          -5000       -4423.077
              0               0               0       -4423.077
   -3.40708e-06    0.0002626107       0.9932241       -38.99657
  -1.707643e-06    -0.002183264       0.1149891         71.6728
       236.3104        257.7932
   2.831483e-29   -4.900644e-26               1           -5000
     3.7282e-10   -1.272269e-06      -0.0144263       -30.32183
  -1.001277e-09    1.578436e-06     0.009002292        66.14607
          -5000       -4423.077
