              0               0               0        1019.231
   5.190107e-08    5.228873e-05       0.9965958       -26.31374
   -3.54363e-06    -0.001070082      0.09064599        82.27568
       132.7966        159.3559
  -3.664376e-23    1.457923e-20               1        1019.231
   -1.54181e-06    0.0003041347       0.1308284       0.1930302
   5.332077e-07   -0.0003894192       0.1288373        83.86196
       1019.231        1173.077
              0               0               0        1173.077
  -3.090222e-07   -8.518246e-05       0.9989867       -11.63172
  -1.544164e-06    -0.000895037     -0.05802455        99.43605
       168.3948        202.0738
  -3.664376e-23    1.457923e-20               1        1019.231
  -1.296712e-06    0.0002987816      0.08015809       -26.31374
   4.312014e-08   -0.0002717254       0.1523257        82.27568
       1019.231        1173.077
