              0               0               0        2115.385
   1.967653e-07   -3.795448e-05      -0.9978895        170.5451
   8.288701e-06     0.000443771     -0.06669987       -48.05014
      -370.7494       -337.0449
   9.672408e-26   -1.320394e-22               1        2115.385
   5.229756e-09   -1.258198e-05    -0.005192204        136.8762
   1.092144e-08   -1.740291e-05      0.03058158       -49.47675
       2115.385        2692.308
              0               0               0        2692.308
  -4.088137e-07   -7.402089e-05      -0.9914256        161.2014
   1.034192e-05    0.0004785788      -0.1317501       -32.23534
      -337.5443       -306.8584
   9.672408e-26   -1.320394e-22               1        2115.385
   5.313332e-09   -1.285651e-05     -0.01054711        170.5451
   1.354572e-08   -2.195904e-05      0.03557243       -48.05014
       2115.385        2692.308
