              0               0               0        3269.231
    8.39271e-07   -7.593065e-05       0.9639868         150.514
   2.856504e-06   -0.0002615752      -0.2661141        69.70903
       304.9204        332.6405
   6.811555e-27   -9.431384e-24               1        3269.231
  -1.743707e-09     1.80279e-06     -0.03076667        177.1953
  -4.652192e-10   -2.962277e-06    0.0005735773        62.19219
       3269.231        3846.154
              0               0               0        3846.154
   1.481548e-06   -0.0001164662       0.9685338        135.8513
   5.374233e-06   -0.0004260483      -0.2491852        67.77761
       271.5306        296.2151
   6.811555e-27   -9.431384e-24               1        3269.231
  -2.071577e-09    2.213525e-06     -0.02600286         150.514
  -1.249305e-09   -1.840218e-06     -0.00187032        69.70903
       3269.231        3846.154
