              0               0               0       -307.6923
   -1.22476e-05     0.000639344       0.9886025        1.936115
  -1.529612e-05    -0.004141025       0.1536877        136.6104
        155.544        172.8267
  -2.352002e-22    4.979552e-20               1       -307.6923
   5.028324e-07   -0.0003591649      0.06393868        19.14955
  -4.386083e-07    0.0002730303     -0.04977726        137.9507
      -307.6923               0
              0               0               0               0
  -1.345416e-05    0.0007015312       0.9875812        2.497399
  -5.120652e-06    -0.004422851       0.1573515         134.335
       153.3971        170.4412
  -2.352002e-22    4.979552e-20               1       -307.6923
   5.046324e-07   -0.0003663447      0.06676976        1.936115
  -3.150594e-07    0.0001863427     -0.03490324        136.6104
      -307.6923               0
