              0               0               0       -4423.077
   9.676359e-07   -9.726055e-05      -0.9964343        24.20648
   1.313265e-07    0.0009814695     -0.08183997       -12.31312
       558.2987        579.7393
   2.831483e-29     1.28761e-41               1       -4423.077
  -5.323367e-10    7.146564e-07    -0.002767638        2.807191
   8.767351e-09   -3.293803e-06     -0.01514226       -13.61534
      -4423.077       -3846.154
              0               0               0       -3846.154
   7.004596e-07   -0.0001065796      -0.9930239        25.78426
  -4.067292e-07    0.0007920772      -0.1163032       -19.37972
       637.1095         661.665
   2.831483e-29     1.28761e-41               1       -4423.077
  -7.443955e-10    7.988006e-07      0.00252174        24.20648
   6.561123e-09   -2.319615e-06     -0.01309435       -12.31312
      -4423.077       -3846.154
