              0               0               0       -865.3846
   3.482815e-06    5.018173e-05      -0.9991511       -11.77994
   5.958984e-06     0.001674128      0.04257844       -13.94421
       619.7076        641.0577
   1.194898e-23   -1.163587e-21               1       -865.3846
  -1.279308e-06    0.0004476704        0.229041       -33.05513
   7.501798e-06    -0.002511868      -0.1001854       -12.21405
      -865.3846       -711.5385
              0               0               0       -711.5385
   1.059631e-05   -0.0003040749      -0.9971047        24.85409
  -1.225473e-06     0.003852181     -0.07109812       -59.64717
       484.7493        501.4971
   1.194898e-23   -1.163587e-21               1       -865.3846
  -1.041142e-06    0.0004833608       0.1884004       -11.77994
   7.460854e-06    -0.002388995      -0.1061199       -13.94421
      -865.3846       -711.5385
