              0               0               0       -1538.462
  -1.771285e-06    5.732167e-05        1.000149        47.52637
   1.114993e-06   -0.0007842402      0.03394693        102.6822
       548.9472        585.5436
  -5.358563e-26    1.024235e-23               1       -1538.462
   3.344478e-07    -6.84414e-05     -0.03007014        84.11825
  -4.239516e-07    5.676699e-05      0.04561404        102.9288
      -1538.462       -1173.077
              0               0               0       -1173.077
  -1.914331e-06    0.0001167869       0.9949396        44.55742
   9.284367e-07   -0.0007884941       0.1073802        103.6133
       538.0595        573.9301
  -5.358563e-26    1.024235e-23               1       -1538.462
   4.887407e-07   -8.653322e-05     -0.04175743        47.52637
  -2.561472e-07    2.643881e-05       0.0270853        102.6822
      -1538.462       -1173.077
