              0               0               0       -1173.077
    1.87585e-05    -0.002102226       -0.776106        176.5932
   1.016271e-05   -6.977904e-05      -0.5718871         37.4292
       789.0255        824.8319
    7.61619e-25   -4.849574e-23               1       -1173.077
   7.727041e-07   -0.0003367069      -0.0727495        146.9695
   1.533687e-06    -0.000356708     -0.04991153        17.32906
      -1173.077       -1019.231
              0               0               0       -1019.231
   3.179057e-05    -0.002617039      -0.8574392        156.2335
   1.340024e-05    0.0002147863      -0.4394296        18.73999
       622.9112        651.1799
    7.61619e-25   -4.849574e-23               1       -1173.077
   9.539301e-07   -0.0003996169     -0.09343706        176.5932
   1.924072e-06   -0.0005352793     -0.08466941         37.4292
      -1173.077       -1019.231
