              0               0               0        1173.077
   3.101656e-07   -2.823704e-06      -0.9979279        184.4001
   5.178672e-06   -5.657751e-05      0.06406499       -69.04048
      -403.5603       -369.9302
   2.578164e-24   -2.333275e-21               1        1173.077
   3.369034e-07   -0.0003860755       0.1537457        150.8484
  -6.870571e-07    0.0007329194      -0.2005209       -66.75299
       1173.077        1538.462
              0               0               0        1538.462
   1.479117e-07     2.63879e-07      -0.9986947        208.5775
    3.74397e-06   -1.940239e-05      0.05054174       -77.70142
      -440.6069       -403.8896
   2.578164e-24   -2.333275e-21               1        1173.077
   4.350709e-07   -0.0004945796       0.1887968        184.4001
  -7.856152e-07    0.0008341923      -0.2236204       -69.04048
       1173.077        1538.462
