              0               0               0       -1173.077
   1.835035e-06   -0.0004211588       0.9332997       -405.4659
  -5.589368e-06     0.001110611       0.3560327       -108.9162
       35.87063        71.74126
    7.61619e-25   -4.849574e-23               1       -1173.077
  -4.456449e-06     0.001556846       0.4127551       -372.4451
  -8.693224e-06     0.002150596       0.4003951       -94.97404
      -1173.077       -1019.231
              0               0               0       -1019.231
   1.375759e-06   -0.0003090876       0.9784762       -315.8158
  -9.588707e-06     0.001525183       0.2014634       -20.83852
       28.31869        56.63738
    7.61619e-25   -4.849574e-23               1       -1173.077
  -4.763544e-06     0.001656868       0.4405696       -405.4659
  -8.951071e-06      0.00230837       0.4292307       -108.9162
      -1173.077       -1019.231
