              0               0               0        711.5385
   9.341493e-07     0.003288347       0.5323066       -77.29548
  -9.737721e-06    -0.002191819       0.8473654        73.59106
       50.55163        67.40217
  -5.749011e-22    2.093553e-19               1        711.5385
  -2.165255e-06    0.0005546727      0.03797454       -67.38766
   4.161127e-06   -0.0004321641      -0.1958006        87.20069
       711.5385        865.3846
              0               0               0        865.3846
    1.13831e-05   -2.468077e-06       0.9292988       -74.59607
   1.392549e-05     -0.00207662        0.392925        54.99393
       58.78591        78.38121
  -5.749011e-22    2.093553e-19               1        711.5385
  -1.506031e-06    0.0003321643     0.002089624       -77.29548
   3.041875e-06   -0.0001483746      -0.1700516        73.59106
       711.5385        865.3846
