              0               0               0        4423.077
  -4.482678e-08     1.36287e-05       -0.978009        164.4233
   3.633973e-07   -6.567573e-05      -0.2085913        1.090364
      -281.4304       -259.7819
  -1.362311e-27    6.195073e-40               1        4423.077
   4.565314e-09    1.274753e-06     -0.03152193        143.2568
  -3.580683e-08   -1.347126e-05      0.02966355       -3.452417
       4423.077            5000
              0               0               0            5000
   3.776942e-08    1.503516e-05      -0.9750518        144.5416
  -7.008786e-08   -6.678795e-05      -0.2219915        6.463251
      -242.3213       -223.6812
  -1.362311e-27    6.195073e-40               1        4423.077
   5.450613e-09    1.622241e-06     -0.03721169        164.4233
  -3.761693e-08   -1.425915e-05      0.03005987        1.090364
       4423.077            5000
