              0               0               0        1019.231
   1.157874e-07    9.723961e-05      -0.9979342        67.23849
  -5.950868e-06     0.001309974      0.06495547       -28.02438
      -238.6458       -212.1296
  -3.664376e-23    1.457923e-20               1        1019.231
  -3.619064e-08   -7.900781e-05      0.08368733         40.8476
   1.172093e-06   -0.0001460311      -0.1585953        -25.4919
       1019.231        1173.077
              0               0               0        1173.077
  -8.463564e-07    0.0002495189      -0.9765025        84.31057
  -5.187672e-06     0.001089758       0.2154501       -57.36034
      -302.6702       -269.0402
  -3.664376e-23    1.457923e-20               1        1019.231
  -1.925335e-07   -9.541824e-05       0.1302053        67.23849
   1.599636e-06    -0.000223535      -0.1941549       -28.02438
       1019.231        1173.077
