              0               0               0       -307.6923
    3.22391e-05    -0.004953258       0.1401824        127.1476
   1.355007e-05   -0.0006710086      -0.9897283        44.63568
       328.3707        345.6534
  -2.352002e-22    4.979552e-20               1       -307.6923
    2.74892e-07   -0.0001525379      0.02120623        128.2573
  -7.377654e-07    0.0004367008     -0.06461024        27.40005
      -307.6923               0
              0               0               0               0
  -2.222418e-05    -0.004333368         0.16603        126.8877
   1.662332e-05    -0.000806731      -0.9866931        44.34223
       323.8383        340.8824
  -2.352002e-22    4.979552e-20               1       -307.6923
    2.78109e-07    -0.000153273       0.0199862        127.1476
  -7.354382e-07    0.0004468259     -0.06881133        44.63568
      -307.6923               0
