              0               0               0       -1019.231
   7.882031e-06   -0.0002618257       0.9915715        90.13451
  -3.482836e-06   -0.0009408859      -0.1070971        84.95786
        453.099        481.4177
   -3.17765e-24    3.030207e-22               1       -1019.231
    1.41664e-06   -0.0003175171     -0.01236453        118.1835
   2.765459e-06   -0.0001219796      -0.2122364        81.09137
      -1019.231       -865.3846
              0               0               0       -865.3846
   1.219562e-05    -0.000491173       0.9662623        93.37328
  -1.378165e-05    -0.001020684      -0.2464025        61.49113
       342.0454        363.4233
   -3.17765e-24    3.030207e-22               1       -1019.231
   1.892227e-06   -0.0004012878      0.03800218        90.13451
   3.614758e-06   -0.0003010351       -0.191777        84.95786
      -1019.231       -865.3846
