              0               0               0               0
   1.185363e-05     0.001454449      -0.9507232       -14.12156
  -6.910236e-06     0.004410269       0.3099705       -75.64605
        545.431        562.4768
   8.523301e-22   -1.673124e-19               1               0
  -8.984354e-08   -7.469041e-05       0.0314158       -29.84602
  -3.644186e-07    0.0001475793    -0.009270706       -69.11517
              0        307.6923
              0               0               0        307.6923
     1.4311e-05     0.001403017      -0.9515754       -14.19317
  -3.648328e-06      0.00438131       0.3080076       -75.08257
       -135.766       -118.7953
   8.523301e-22   -1.673124e-19               1               0
  -1.804406e-08   -9.371441e-05       0.0303108       -14.12156
  -4.414791e-07    0.0001529838    -0.003443804       -75.64605
              0        307.6923
