              0               0               0       -3846.154
   7.004596e-07   -0.0001065796      -0.9930239        25.78426
  -4.067292e-07    0.0007920772      -0.1163032       -19.37972
       637.1095         661.665
  -1.415742e-28    4.900644e-26               1       -3846.154
   1.121407e-09   -2.066956e-07    -0.002474584        1.346122
  -1.129194e-08    1.188046e-05     -0.01018842       -21.76403
      -3846.154       -3269.231
              0               0               0       -3269.231
   6.266379e-07   -0.0001042956       -0.993123         27.4157
   4.817477e-07    0.0007722916      -0.1153588       -23.27956
       715.0619        742.5358
  -1.415742e-28    4.900644e-26               1       -3846.154
   1.232209e-09   -4.895763e-07     0.002700139        25.78426
  -8.272673e-09    9.036176e-06    -0.009219414       -19.37972
      -3846.154       -3269.231
