              0               0               0       -2115.385
   -8.20721e-08    -0.000128751      -0.9691243        67.56933
  -6.004288e-07    0.0006552076      -0.2494444        -25.4286
       838.5961        872.0965
   7.503431e-27   -2.744361e-24               1       -2115.385
   9.928782e-09    4.433119e-06      0.01077678        34.95569
  -1.007102e-08    6.674502e-06    -0.005322035       -33.07234
      -2115.385       -1538.462
              0               0               0       -1538.462
   -2.67483e-07    -0.000176896      -0.9302298        78.79967
   1.843218e-07    0.0005406751      -0.3689447       -23.10308
       914.6544        951.1994
   7.503431e-27   -2.744361e-24               1       -2115.385
   1.584653e-08    6.294467e-07      0.01382841        67.56933
   8.366985e-09     4.39201e-06    -0.001287821        -25.4286
      -2115.385       -1538.462
