              0               0               0           -5000
   1.698117e-08   -2.385391e-05      -0.9767972       -140.4746
   5.089427e-10   -0.0001084966       0.2141748        14.84168
         645.87        664.3083
   2.831483e-29   -4.900644e-26               1           -5000
   4.186099e-09   -8.622419e-06      -0.0465291       -158.4931
   2.615642e-08   -5.620788e-05      0.01647274        18.75382
          -5000       -4423.077
              0               0               0       -4423.077
   4.682766e-08   -2.091102e-05      -0.9796092       -166.3903
    1.80922e-07   -0.0001019692       0.2009205        10.30897
       751.2638        772.7044
   2.831483e-29   -4.900644e-26               1           -5000
   4.187683e-09   -8.566207e-06      -0.0413724       -140.4746
   2.822338e-08   -6.033153e-05      0.01755606        14.84168
          -5000       -4423.077
