              0               0               0        307.6923
   8.188903e-06    -0.003642366       0.7096514        95.55238
   2.536698e-05    -0.003626443      -0.7043031        103.4137
       254.5167        271.4845
  -1.867855e-21    6.194539e-19               1        307.6923
   7.182033e-07   -0.0002055689     -0.03473675        106.5849
   -1.40248e-06    0.0003897803      0.05662073         90.5431
       307.6923        557.6923
              0               0               0        557.6923
  -9.545557e-06    -0.003665708       0.6865812        86.33088
   1.030118e-05    -0.003334146      -0.7272656        119.4994
       238.2921        254.1782
  -1.867855e-21    6.194539e-19               1        307.6923
   6.154301e-07   -0.0001825496       -0.029713        95.55238
  -1.314404e-06    0.0003719852      0.05349664        103.4137
       307.6923        557.6923
