              0               0               0        1019.231
   2.209901e-07   -5.013924e-05      -0.9974564        120.2177
   1.500897e-05    0.0005077463     -0.07348821       -27.42209
      -291.6782        -265.162
  -3.664376e-23    1.457923e-20               1        1019.231
  -3.782569e-07   -0.0001065895        0.179164        93.73786
   2.019456e-06   -0.0003052132      -0.2255615        -28.7339
       1019.231        1173.077
              0               0               0        1173.077
   1.370412e-06    2.846893e-05      -0.9970654        150.8484
    7.95276e-06    0.0004658991      0.07783048       -66.75299
      -369.9302       -336.3002
  -3.664376e-23    1.457923e-20               1        1019.231
  -5.933108e-07   -0.0001122397       0.2304096        120.2177
   2.434736e-06    -0.000390805      -0.2531539       -27.42209
       1019.231        1173.077
