              0               0               0        1019.231
  -1.847881e-06     5.64241e-05       0.9994831       0.1930302
  -3.806022e-06    -0.001352431      0.02630567        83.86196
       159.3559        185.9153
  -3.664376e-23    1.457923e-20               1        1019.231
  -1.737659e-06    0.0002957642       0.1801425        26.74381
   1.026519e-06   -0.0005017362       0.1011534        83.53531
       1019.231        1173.077
              0               0               0        1173.077
  -1.514371e-06   -0.0001164051       0.9921974        21.90469
  -2.460861e-06    -0.001051055      -0.1235669        96.40764
       202.0738        235.7528
  -3.664376e-23    1.457923e-20               1        1019.231
   -1.54181e-06    0.0003041347       0.1308284       0.1930302
   5.332077e-07   -0.0003894192       0.1288373        83.86196
       1019.231        1173.077
