              0               0               0       -4423.077
   1.176115e-05   -0.0005074198       0.9610858        67.17648
  -1.288006e-05    -0.001015077      -0.2664556        60.84807
       343.7243         365.207
   2.831483e-29     1.28761e-41               1       -4423.077
   1.068935e-09    -7.20617e-07      0.01541252        87.70569
   3.316023e-09    -5.44452e-07     0.006584801         54.5277
      -4423.077       -3846.154
              0               0               0       -3846.154
   9.858764e-06   -0.0004391699       0.9644733        73.06272
   -6.78599e-06   -0.0009300411      -0.2538901        65.65704
       391.8209        416.3098
   2.831483e-29     1.28761e-41               1       -4423.077
   9.581731e-10   -7.314117e-07      0.01030586        67.17648
   3.203428e-09   -6.717801e-07     0.007656874        60.84807
      -4423.077       -3846.154
