              0               0               0       -557.6923
  -1.554311e-05    -0.002452188       0.8542631        74.50475
   4.896331e-06    -0.004033715      -0.5202779        132.0694
       249.8538        267.7005
   8.804966e-23   -1.624172e-20               1       -557.6923
  -7.949427e-07    0.0003903828     -0.01594437        88.88114
   2.138573e-06    -0.001134121      0.08574606        121.5272
      -557.6923       -307.6923
              0               0               0       -307.6923
   -1.60935e-05    -0.002588776       0.8077078        83.76997
   3.240561e-06      -0.0035665       -0.590083        116.7432
       241.9574          259.24
   8.804966e-23   -1.624172e-20               1       -557.6923
  -9.516229e-07    0.0004761489     -0.02249991        74.50475
   2.117656e-06    -0.001130196      0.08889051        132.0694
      -557.6923       -307.6923
