              0               0               0        1019.231
      5.027e-07    0.0001145569        0.938997        204.1235
   1.717292e-06    0.0003122124       -0.343914        30.96165
       371.8305        398.3899
  -3.664376e-23    1.457923e-20               1        1019.231
  -2.056926e-06    -4.82079e-05        0.497686        229.1529
   4.750201e-06    -0.001143538      -0.2412849        22.07994
       1019.231        1173.077
              0               0               0        1173.077
   9.129312e-07    9.843531e-05        0.875653        267.4514
   1.846023e-06    0.0001763526      -0.4829422       -8.815315
       471.5055        505.1845
  -3.664376e-23    1.457923e-20               1        1019.231
  -2.013189e-06   -1.219183e-05       0.4611562        204.1235
   4.326155e-06    -0.001084378      -0.1941171        30.96165
       1019.231        1173.077
