              0               0               0        865.3846
  -1.704691e-06    -0.000223256      -0.9806358        80.53388
   2.471769e-05     0.001016442       -0.196467       -14.59154
      -215.5153        -195.923
   1.528862e-22   -5.598364e-20               1        865.3846
   6.670348e-07   -0.0004144517       0.2593241        61.22245
   4.561139e-06    -0.002410354       0.1922181       -17.86471
       865.3846        1019.231
              0               0               0        1019.231
   2.209901e-07   -5.013924e-05      -0.9974564        120.2177
   1.500897e-05    0.0005077463     -0.07348821       -27.42209
      -291.6782        -265.162
   1.528862e-22   -5.598364e-20               1        865.3846
   4.338184e-07   -0.0003124636       0.2957486        80.53388
   4.631927e-06    -0.002528617        0.195988       -14.59154
       865.3846        1019.231
