              0               0               0       -1019.231
  -1.179651e-08   -2.698623e-06      -0.9990542       -174.3765
  -3.430794e-07   -6.301877e-05      0.04335945       -32.61595
       962.1358        990.4046
   -3.17765e-24    3.030207e-22               1       -1019.231
   1.421635e-06   -0.0002018666       0.4173887       -202.6209
  -3.698375e-06   -0.0007037877       0.4469794       -31.44834
      -1019.231       -865.3846
              0               0               0       -865.3846
   3.123985e-07   -3.389341e-05        -0.98242       -117.0213
   1.620213e-06   -0.0001788593       0.1865704        3.275485
        726.458        747.8081
   -3.17765e-24    3.030207e-22               1       -1019.231
   1.203326e-06   -0.0001523592       0.3677672       -174.3765
  -4.349927e-06   -0.0005405115       0.4194068       -32.61595
      -1019.231       -865.3846
