              0               0               0       -4423.077
  -1.399984e-07   -6.287042e-05         1.00122       -271.2783
  -1.802499e-05     0.003204979     -0.07580444        32.40374
              0        21.48277
   2.831483e-29     1.28761e-41               1       -4423.077
  -5.070476e-10    1.847153e-08     -0.06541857       -249.7997
  -5.904111e-10   -2.020338e-06    -0.005368728        32.07567
      -4423.077       -3846.154
              0               0               0       -3846.154
   2.972322e-08   -8.928172e-05        1.001918       -312.1151
  -1.375922e-05     0.002806163     -0.06075675        28.19957
              0        24.48881
   2.831483e-29     1.28761e-41               1       -4423.077
  -5.969929e-10    4.856839e-08     -0.07061312       -271.2783
  -5.806075e-10   -2.312596e-06    -0.005759785        32.40374
      -4423.077       -3846.154
