              0               0               0       -1019.231
  -4.849069e-07    3.426662e-05      -0.9985925       -287.3681
  -1.031582e-05    0.0006785879      0.05156763       -28.32313
       1075.211        1103.479
   -3.17765e-24    3.030207e-22               1       -1019.231
   3.441994e-06    -0.000510022       0.6057177       -315.5806
   4.993702e-07    -0.001512588       0.5427965       -26.55615
      -1019.231       -865.3846
              0               0               0       -865.3846
  -3.554344e-06    0.0001738497      -0.9811376       -201.0286
   -1.82785e-05    0.0008825963       0.1928346        18.62702
       811.8583        833.2084
   -3.17765e-24    3.030207e-22               1       -1019.231
   2.726598e-06   -0.0004109486       0.5598944       -287.3681
  -7.493107e-07    -0.001291874        0.521661       -28.32313
      -1019.231       -865.3846
