              0               0               0       -4423.077
  -1.408926e-05    0.0004632963      -0.9824234         87.7205
  -6.651158e-06     0.001658456      -0.2356264       -2.555803
        493.977        515.4176
   2.831483e-29     1.28761e-41               1       -4423.077
  -1.091119e-09    9.138243e-07      0.01292251        66.73089
    3.39918e-09   -7.998161e-07    -0.009010623       -6.910933
      -4423.077       -3846.154
              0               0               0       -3846.154
  -1.001452e-05    0.0003498221      -0.9764091        98.19443
  -5.132712e-06     0.001375551       -0.257147         -6.1619
       563.4428        587.9984
   2.831483e-29     1.28761e-41               1       -4423.077
  -1.301772e-09    9.662537e-07      0.01803065         87.7205
   2.514531e-09   -2.740949e-07    -0.006929374       -2.555803
      -4423.077       -3846.154
