              0               0               0        3846.154
  -3.006259e-06   -3.088408e-05       0.9997586        62.87917
  -1.153116e-06     -0.00194991     -0.02057737        79.23203
       197.4768        222.1614
  -1.362311e-27    2.357846e-24               1        3846.154
   1.061641e-09   -1.188341e-06     -0.01554695        87.49377
   1.129492e-09   -1.954908e-06    -0.008761288        77.51861
       3846.154        4423.077
              0               0               0        4423.077
  -3.285377e-06   -4.423227e-05       0.9997345        56.71096
   1.459935e-06    -0.002250704      -0.0200733        73.50863
       173.4543        195.1361
  -1.362311e-27    2.357846e-24               1        3846.154
   1.023515e-09   -1.130482e-06     -0.01038003        62.87917
  -2.804932e-10    1.024775e-07    -0.009886319        79.23203
       3846.154        4423.077
