              0               0               0       -3269.231
   2.164161e-07   -0.0001227095        1.002822       -352.8686
  -9.898551e-06     0.002368334     -0.03953104        21.77386
              0        27.51093
   5.379818e-28   -1.960258e-25               1       -3269.231
  -1.010464e-08    4.289914e-06     -0.06392424       -325.3684
  -2.251776e-08   -4.167731e-06       -0.012449         22.2727
      -3269.231       -2692.308
              0               0               0       -2692.308
   4.848957e-07   -0.0001839874        1.003585       -393.2435
  -9.056219e-06     0.002264601     -0.01158866        7.880026
              0        30.53151
   5.379818e-28   -1.960258e-25               1       -3269.231
  -1.086762e-08    4.641261e-06     -0.06904363       -352.8686
  -2.414582e-08   -4.440884e-06      -0.0134839        21.77386
      -3269.231       -2692.308
