              0               0               0       -307.6923
   2.024644e-05     0.003743906      -0.2931217       -84.55456
  -9.060213e-06     0.001163227       0.9562515       -6.726684
       656.6958        673.9759
  -2.352002e-22    4.979552e-20               1       -307.6923
  -5.350089e-07    0.0003713152     -0.06265668       -88.39733
   5.217332e-07   -0.0004570921      0.09226253        10.09806
      -307.6923               0
              0               0               0               0
  -1.003872e-06     0.004426646      -0.3136374        -84.0424
  -1.403627e-05     0.001442327       0.9497146       -6.128167
       647.7053        664.7511
  -2.352002e-22    4.979552e-20               1       -307.6923
  -4.840867e-07    0.0003535338     -0.06128442       -84.55456
    5.50117e-07    -0.000465207       0.0930037       -6.726684
      -307.6923               0
