              0               0               0        307.6923
  -1.101497e-05     0.001327894       0.9525579        -14.2917
  -1.901156e-05    -0.004120096       0.3082786        129.8956
       135.7422          152.71
  -1.867855e-21    6.194539e-19               1        307.6923
   9.016332e-08   -5.875724e-05    -0.002818606        2.199591
  -1.057482e-06    0.0002882343      0.04682426        133.8474
       307.6923        557.6923
              0               0               0        557.6923
  -1.310786e-05     0.001572884       0.9427743       -16.09003
  -1.271002e-05    -0.004357265       0.3339227        142.8908
       127.0891        142.9752
  -1.867855e-21    6.194539e-19               1        307.6923
  -7.792706e-09   -3.316493e-05     0.001584967        -14.2917
  -1.054173e-06    0.0002798139      0.04791285        129.8956
       307.6923        557.6923
