              0               0               0        307.6923
   4.918646e-06        0.002779       -0.808253       -44.32298
   -1.41351e-05     0.003763876       0.5886413       -59.74721
      -101.8245       -84.85376
  -1.867855e-21    6.194539e-19               1        307.6923
   8.030465e-07   -0.0001781012     -0.04180349       -57.21523
  -1.996105e-07   -5.651307e-06      0.01195669        -48.7426
       307.6923        557.6923
              0               0               0        557.6923
   1.110636e-05     0.003356907      -0.7059868       -53.71701
  -8.022606e-06     0.003265216       0.7082157       -64.40181
      -118.3345       -98.61209
  -1.867855e-21    6.194539e-19               1        307.6923
   8.200785e-07   -0.0001817208     -0.04340083       -44.32298
   2.110044e-07    -0.000103396    -0.005957171       -59.74721
       307.6923        557.6923
