              0               0               0       -3269.231
   0.0001268874    -0.002593495         0.90154        131.7344
  -6.010526e-05    6.701904e-05      -0.3330381         56.2009
       495.1967        522.7076
   5.379818e-28   -1.960258e-25               1       -3269.231
   4.150574e-10   -1.089031e-06      0.02559327        157.2157
   9.185558e-09    2.433174e-07     0.008678624        45.83794
      -3269.231       -2692.308
              0               0               0       -2692.308
   0.0001019928    -0.002273896        0.912826        143.0453
  -4.521868e-05    1.439281e-05       -0.303483          63.229
       549.5671        580.0986
   5.379818e-28   -1.960258e-25               1       -3269.231
  -5.658445e-10   -1.417532e-06      0.02061157        131.7344
   8.625272e-09   -1.321707e-06      0.01007372         56.2009
      -3269.231       -2692.308
