              0               0               0        2115.385
   -1.34666e-07    0.0001428195      -0.9767751         3.28584
   4.156689e-07    0.0006007199       0.2134614         -33.357
      -202.2269       -168.5224
   9.672408e-26   -1.320394e-22               1        2115.385
   2.316993e-09   -6.678105e-06      0.01628933       -29.47878
  -4.911234e-10    4.966162e-06    0.0006526305       -25.46407
       2115.385        2692.308
              0               0               0        2692.308
   -2.51144e-07     0.000116956      -0.9886068        8.374446
   -3.41648e-09    0.0006988907       0.1491693       -28.76429
      -184.1151       -153.4292
   9.672408e-26   -1.320394e-22               1        2115.385
   3.138315e-09   -8.335352e-06      0.01258455         3.28584
   1.479085e-09    6.594443e-07     0.007087947         -33.357
       2115.385        2692.308
