              0               0               0        711.5385
  -3.158679e-05     0.004421483      -0.4047455       -84.92134
  -2.008346e-06     0.001664808       0.9110618       -6.169072
      -33.73667       -16.86833
  -5.749011e-22    2.093553e-19               1        711.5385
   6.367705e-07   -0.0003671261     -0.08682786       -90.64224
  -8.874737e-07     0.000691543     -0.07908675        9.663087
       711.5385        865.3846
              0               0               0        865.3846
  -0.0001759638      0.00342948      -0.8977178       -92.77577
   0.0001605328    0.0008850385       0.3605482        2.021186
      -39.18459        -19.5923
  -5.749011e-22    2.093553e-19               1        711.5385
   -3.30693e-07   -0.0001719698     -0.01676985       -84.92134
  -2.126042e-06    0.0008645301     -0.02944742       -6.169072
       711.5385        865.3846
