              0               0               0       -2115.385
  -1.167348e-06    7.271108e-05       0.9985314       -13.40088
   2.150707e-06    -0.001309624      0.05378812        94.23423
       436.2111        469.7658
   7.503431e-27   -2.744361e-24               1       -2115.385
  -6.839964e-08    1.570053e-05    -0.002114449        20.14231
  -2.726745e-09   -2.634911e-07      0.01086021         94.6458
      -2115.385       -1538.462
              0               0               0       -1538.462
  -1.107759e-06    0.0002072839        0.984195       -25.22751
   1.621668e-06    -0.001162715       0.1772698         95.2903
       475.7542        512.3507
   7.503431e-27   -2.744361e-24               1       -2115.385
  -7.892577e-08    2.023282e-05    -0.005902602       -13.40088
   -2.32234e-08    2.798239e-06     0.007945833        94.23423
      -2115.385       -1538.462
