              0               0               0       -2692.308
    4.81804e-07   -0.0001135928      -0.9890493        30.09754
   2.424005e-07    0.0006874065      -0.1463639       -28.43167
       793.5354        824.0197
  -2.010353e-27    7.350966e-25               1       -2692.308
    3.06258e-09    2.926052e-06     0.001095277      -0.1447675
   6.448439e-09   -1.956689e-06     -0.01330541       -32.24779
      -2692.308       -2115.385
              0               0               0       -2115.385
   3.056769e-07   -0.0001369994      -0.9780271        34.95569
   5.662066e-07    0.0005948638      -0.2075665       -33.07234
       872.0965        905.5969
  -2.010353e-27    7.350966e-25               1       -2692.308
   6.056428e-10    3.384891e-06     0.006266389        30.09754
   3.391671e-09    8.043016e-07    -0.009636729       -28.43167
      -2692.308       -2115.385
