              0               0               0       -307.6923
  -2.765896e-05    -0.003281725     -0.00214012        128.2573
   1.177544e-05    3.153537e-05        -1.00078        27.40005
       345.6534        362.9335
  -2.352002e-22    4.979552e-20               1       -307.6923
   2.363936e-07   -0.0001233919       0.0148744        127.0977
  -7.088378e-07    0.0004247987      -0.0628496        10.17662
      -307.6923               0
              0               0               0               0
   2.771556e-05    -0.005469743    -0.001055386        128.3486
   1.257665e-05     4.32588e-05      -0.9997058        27.37286
       340.8824        357.9282
  -2.352002e-22    4.979552e-20               1       -307.6923
    2.74892e-07   -0.0001525379      0.02120623        128.2573
  -7.377654e-07    0.0004367008     -0.06461024        27.40005
      -307.6923               0
