              0               0               0       -557.6923
  -0.0001830577     0.003569553    -0.001286469        123.6275
    4.89508e-06   -7.915837e-05      -0.9995335        24.92249
       374.4268        391.9197
   8.804966e-23   -1.624172e-20               1       -557.6923
   4.879352e-08   -3.646765e-05     0.004474018        123.7174
   1.652485e-06   -0.0008380005      0.04981701        7.439753
      -557.6923       -307.6923
              0               0               0       -307.6923
   1.056547e-05    -0.004715577      -0.1403345        127.0977
   1.225622e-05    0.0006419789      -0.9891417        10.17662
       362.9335        380.2137
   8.804966e-23   -1.624172e-20               1       -557.6923
  -5.094685e-07    0.0002587095       -0.018955        123.6275
   1.761052e-06   -0.0008959906      0.05494838        24.92249
      -557.6923       -307.6923
