              0               0               0       -2692.308
  -2.760301e-05    0.0002543884       0.9744846        113.8412
   1.386224e-05    -0.001255312      -0.2655959        72.11368
       519.0356        549.5671
  -2.010353e-27    7.350966e-25               1       -2692.308
  -1.196837e-09   -2.396878e-06      0.01841095        143.0453
  -1.311809e-08    1.360665e-05      0.01716119          63.229
      -2692.308       -2115.385
              0               0               0       -2115.385
  -2.323083e-05    0.0002968327       0.9890093        119.9969
   9.868231e-06    -0.001118412      -0.2043983        82.88449
       570.4299        603.9846
  -2.010353e-27    7.350966e-25               1       -2692.308
   3.012198e-09   -4.366984e-06      0.01218664        113.8412
  -1.041859e-08    1.070669e-05       0.0159602        72.11368
      -2692.308       -2115.385
