              0               0               0       -3846.154
   2.972322e-08   -8.928172e-05        1.001918       -312.1151
  -1.375922e-05     0.002806163     -0.06075675        28.19957
              0        24.48881
  -1.415742e-28    4.900644e-26               1       -3846.154
   2.974992e-09   -8.591108e-07     -0.06590355       -287.6324
  -6.503052e-10   -3.042203e-06    -0.008289425         28.1925
      -3846.154       -3269.231
              0               0               0       -3269.231
   2.164161e-07   -0.0001227095        1.002822       -352.8686
  -9.898551e-06     0.002368334     -0.03953104        21.77386
              0        27.51093
  -1.415742e-28    4.900644e-26               1       -3846.154
   3.250548e-09   -9.846885e-07     -0.07115319       -312.1151
  -6.490695e-10   -3.317494e-06    -0.009007914        28.19957
      -3846.154       -3269.231
