              0               0               0               0
   2.553381e-06     0.004143002       0.3163872       -83.98855
  -1.677288e-05    -0.001365817       0.9489457        60.84799
       34.08824        51.13237
   8.523301e-22   -1.673124e-19               1               0
    1.58851e-07   -4.946772e-05    0.0003090143       -77.37982
   3.246171e-07    2.445006e-05     -0.03893129        76.54211
              0        307.6923
              0               0               0        307.6923
   1.067595e-05     0.003993986       0.3138454       -83.86795
   -2.29421e-05    -0.001205967       0.9490587        60.69021
       33.93556        50.90333
   8.523301e-22   -1.673124e-19               1               0
   2.153222e-07   -8.544061e-05     0.006295865       -83.98855
   3.531487e-07    2.599332e-05      -0.0419449        60.84799
              0        307.6923
