              0               0               0        3269.231
  -0.0006137833      0.04345215      0.05076159       -141.3386
  -2.009189e-05    -0.003160697       0.6831691        30.03848
              0        27.72004
   6.811555e-27   -9.431384e-24               1        3269.231
  -1.920005e-09    1.838155e-06      0.02587645       -119.6165
   3.186819e-10    2.686347e-06    -0.009798349        46.11931
       3269.231        3846.154
              0               0               0        3846.154
  -0.0007773432      0.04883416      0.05544483       -123.8773
  -1.478116e-05    -0.003964402       0.6846138        27.16027
              0         24.6846
   6.811555e-27   -9.431384e-24               1        3269.231
  -1.802002e-10    3.143747e-07      0.03014488       -141.3386
  -2.535725e-09    5.185713e-06    -0.007136655        30.03848
       3269.231        3846.154
