              0               0               0       -4423.077
  -3.258543e-06   -4.909078e-05      -0.9745411       -250.3289
  -1.542133e-05   -0.0002475119       0.2238871        27.86925
       837.0261        858.4666
   2.831483e-29     1.28761e-41               1       -4423.077
  -5.969929e-10    4.856839e-08     -0.07061312       -271.2783
  -5.806075e-10   -2.312596e-06    -0.005759785        32.40374
      -4423.077       -3846.154
              0               0               0       -3846.154
  -3.356897e-06    0.0001096609      -0.9552515       -288.6748
  -1.354046e-05    0.0003448729        0.296254        20.91743
       956.3316        980.8871
   2.831483e-29     1.28761e-41               1       -4423.077
   1.711013e-09   -6.985732e-07      -0.0666327       -250.3289
   1.005926e-08    -5.85914e-06     -0.01201768        27.86925
      -4423.077       -3846.154
