              0               0               0       -1538.462
   1.292524e-07   -1.401233e-05       -0.998734       -133.6002
  -3.997279e-06    0.0004122447     -0.05260796       -73.32832
       1133.924        1170.469
  -5.358563e-26    1.024235e-23               1       -1538.462
   5.994048e-07   -4.731463e-05      -0.0218878       -170.1113
   1.217705e-06   -0.0001903741      -0.1231411        -74.8954
      -1538.462       -1173.077
              0               0               0       -1173.077
   4.534602e-07   -4.742387e-05       -0.991901       -119.6296
  -4.196933e-06    0.0004311802      -0.1279038       -81.68486
       1111.283         1147.09
  -5.358563e-26    1.024235e-23               1       -1538.462
   4.575496e-07   -3.163523e-05     -0.01129121       -133.6002
    1.05253e-06    -0.000160807      -0.1046332       -73.32832
      -1538.462       -1173.077
