              0               0               0       -1538.462
  -1.835701e-07   -5.250409e-07      -0.9984809       -352.6295
   4.807983e-06   -1.079786e-05     -0.05551402       -83.52039
       1353.194        1389.739
  -5.358563e-26    1.024235e-23               1       -1538.462
   1.474096e-06   -0.0001460261     -0.08669743       -389.1286
   2.277417e-06   -0.0003813276      -0.2384682       -85.32891
      -1538.462       -1173.077
              0               0               0       -1173.077
  -5.313839e-07   -2.667036e-06        -0.99136       -332.8691
   4.805695e-06     7.37306e-06      -0.1313662       -107.8026
       1326.122        1361.928
  -5.358563e-26    1.024235e-23               1       -1538.462
   1.324054e-06   -0.0001287457     -0.07564641       -352.6295
   2.092961e-06   -0.0003479027       -0.218761       -83.52039
      -1538.462       -1173.077
