              0               0               0       -711.5385
  -4.061066e-05     0.003490597       0.5568862       -114.3892
    1.99532e-05     -0.00228152       0.8281365        45.65369
       16.70098        33.40196
  -4.461828e-23    4.351327e-21               1       -711.5385
    4.08362e-06    -0.002297872       0.4363737       -104.3042
   6.298022e-06    -0.001815128      0.03487399        58.94096
      -711.5385       -557.6923
              0               0               0       -557.6923
   0.0001838317    -0.003609184     -0.05814494       -75.54524
   1.442024e-06    1.817954e-05       0.9967058        26.47587
        17.8467         35.6934
  -4.461828e-23    4.351327e-21               1       -711.5385
   3.079445e-06    -0.002235073        0.523457       -114.3892
   5.654615e-06    -0.001457572     -0.03425112        45.65369
      -711.5385       -557.6923
