              0               0               0       -2115.385
   2.239186e-06    8.493446e-05       0.9352062       -143.4614
  -6.654809e-06   -0.0002178309       0.3541896        63.73811
       301.9923         335.547
   7.503431e-27   -2.744361e-24               1       -2115.385
  -9.841484e-08    3.177344e-05     -0.01556607       -111.9006
  -8.894462e-08    1.394779e-05    -0.002635697        75.12616
      -2115.385       -1538.462
              0               0               0       -1538.462
   2.597474e-06    0.0001015091       0.8836075       -161.8037
  -5.444056e-06   -0.0001854795       0.4683262        44.54468
       329.3683        365.9648
   7.503431e-27   -2.744361e-24               1       -2115.385
  -1.014766e-07     3.50107e-05     -0.01821626       -143.4614
  -1.112101e-07     1.80541e-05    -0.006669237        63.73811
      -2115.385       -1538.462
