              0               0               0           -5000
  -2.076698e-07   -0.0001205272       0.9864315       -156.9134
   -1.05619e-06    0.0007338535       0.1640409         40.3301
       73.85907        92.32384
   2.831483e-29   -4.900644e-26               1           -5000
  -1.149194e-10   -1.311472e-08     -0.04507366       -138.7415
  -1.136416e-09    7.257078e-07    0.0002497141        43.60263
          -5000       -4423.077
              0               0               0       -4423.077
  -9.388775e-08   -0.0001149682       0.9841098       -185.8594
  -7.828549e-07    0.0006298218       0.1776431        39.67085
       85.93106        107.4138
   2.831483e-29   -4.900644e-26               1           -5000
  -2.389795e-10    2.789175e-07     -0.05025453       -156.9134
  -8.894472e-10    4.020563e-08    -0.000869847         40.3301
          -5000       -4423.077
