              0               0               0        711.5385
   2.829353e-05    -0.003776792      -0.6613931        112.6991
  -6.894217e-06     0.003289507      -0.7492848       -31.48106
      -269.8933        -253.025
  -5.749011e-22    2.093553e-19               1        711.5385
  -4.075679e-06     0.001858813       0.1751943        100.6036
  -9.841924e-06     0.002023985       0.2269686       -43.21734
       711.5385        865.3846
              0               0               0        865.3846
  -2.741211e-07   -6.717902e-05       -0.963569        175.6177
   5.364127e-07    0.0002616566      -0.2672492        8.899742
      -313.4767       -293.8844
  -5.749011e-22    2.093553e-19               1        711.5385
  -4.213014e-06      0.00192556       0.2124471        112.6991
   -9.59329e-06      0.00203867       0.1758938       -31.48106
       711.5385        865.3846
