              0               0               0        1538.462
   1.479117e-07     2.63879e-07      -0.9986947        208.5775
    3.74397e-06   -1.940239e-05      0.05054174       -77.70142
      -440.6069       -403.8896
  -3.610124e-25    4.927898e-22               1        1538.462
   2.265454e-09   -1.677749e-05     0.006549434        171.9158
  -1.015805e-09   -2.020092e-05      0.05989549        -75.6865
       1538.462        2115.385
              0               0               0        2115.385
  -4.025515e-07    2.748897e-06      -0.9967029        204.1508
   4.608209e-06   -2.218105e-05     -0.08090934       -45.47438
      -404.4539       -370.7494
  -3.610124e-25    4.927898e-22               1        1538.462
   2.695803e-09   -1.767492e-05     0.001626902        208.5775
   2.608432e-10    -2.69628e-05      0.07132885       -77.70142
       1538.462        2115.385
