              0               0               0        307.6923
  -2.114982e-05    -0.003225524       0.5931186        106.5849
   5.354413e-07    -0.002335179      -0.8054585         90.5431
       271.4845        288.4522
  -1.867855e-21    6.194539e-19               1        307.6923
   8.218096e-07   -0.0002314488     -0.03933095        115.6169
  -1.526272e-06    0.0004116406      0.06117574        76.20657
       307.6923        557.6923
              0               0               0        557.6923
  -4.346716e-06    -0.004120634       0.5628863        96.27462
   1.601251e-05    -0.002843208      -0.8253999        107.1458
       254.1782        270.0643
  -1.867855e-21    6.194539e-19               1        307.6923
   7.182033e-07   -0.0002055689     -0.03473675        106.5849
   -1.40248e-06    0.0003897803      0.05662073         90.5431
       307.6923        557.6923
