              0               0               0        3846.154
   0.0007420131    -0.006345682      -0.9977743       -106.5469
  -0.0001772833     0.009219278       0.5543541        10.45414
      -24.78835               0
  -1.362311e-27    2.357846e-24               1        3846.154
   1.202184e-11    2.489748e-09      0.03032769       -123.8773
   9.444445e-11    7.969574e-07    -0.003685114        27.16027
       3846.154        4423.077
              0               0               0        4423.077
   0.0009896959    -0.008025172       -1.015824       -90.66651
  -0.0001882471     0.009840271       0.5269193        11.20882
      -21.64849               0
  -1.362311e-27    2.357846e-24               1        3846.154
  -1.127996e-09    1.327367e-06      0.02713574       -106.5469
   -1.75762e-09    3.330308e-06    -2.82192e-05        10.45414
       3846.154        4423.077
