              0               0               0        557.6923
   5.297654e-06    -0.004864869      0.01653432        114.5836
   1.844799e-05   -0.0002355958      -0.9981633        7.951463
      -355.0035       -335.2811
   2.146718e-21   -7.814377e-19               1        557.6923
   4.582374e-06   -0.0001101159     -0.02770846         113.058
   5.942587e-06   -0.0007746466      -0.0628241       -11.68485
       557.6923        711.5385
              0               0               0        711.5385
   3.688072e-05    -0.004654232      -0.4251218        131.1932
  -9.079667e-06      0.00227156      -0.9042244       -3.396021
        -303.63       -286.7617
   2.146718e-21   -7.814377e-19               1        557.6923
   4.171784e-06    0.0001572424     -0.01496901        114.5836
   6.038874e-06   -0.0009584937        -0.06923        7.951463
       557.6923        711.5385
