              0               0               0       -1019.231
   2.006194e-07   -0.0002066495        0.952985       -261.1741
  -1.168707e-06    0.0006363549       0.3029198       -6.079855
       84.95606        113.2748
   -3.17765e-24    3.030207e-22               1       -1019.231
   2.659087e-06   -0.0004670085       0.5050992        -234.348
   7.102302e-06    -0.001849903       0.3288796         2.98222
      -1019.231       -865.3846
              0               0               0       -865.3846
   4.842024e-07   -0.0001645832       0.9873601       -179.0484
  -4.938068e-06    0.0009885927       0.1586054          31.862
       64.13352        85.51136
   -3.17765e-24    3.030207e-22               1       -1019.231
   2.818029e-06   -0.0004728146       0.5398588       -261.1741
   6.280664e-06     -0.00187437        0.386332       -6.079855
      -1019.231       -865.3846
