              0               0               0        1019.231
   -8.07597e-08    1.135573e-05      -0.9968219        199.4866
   1.052854e-06   -0.0001442161     -0.07957502       -20.76139
      -371.2268       -344.7106
  -3.664376e-23    1.457923e-20               1        1019.231
  -1.053912e-06   -0.0001170119        0.334772        173.0612
   3.255765e-06   -0.0005658245      -0.3039386       -22.95318
       1019.231        1173.077
              0               0               0        1173.077
   1.411288e-08   -3.883487e-06      -0.9975369        251.5084
   2.341615e-07    -5.62805e-05      0.07005685       -73.55122
      -470.8203       -437.1903
  -3.664376e-23    1.457923e-20               1        1019.231
  -1.295544e-06   -0.0001147658       0.3864619        199.4866
   3.688536e-06    -0.000661974      -0.3285944       -20.76139
       1019.231        1173.077
