              0               0               0        3846.154
   7.108136e-07    -6.75198e-06       0.9654922        159.7105
   2.702323e-06   -2.806599e-05      -0.2603948         61.4478
       296.2151        320.8997
  -1.362311e-27    2.357846e-24               1        3846.154
   8.215051e-10   -1.008127e-06     -0.03533666        183.5499
   1.642853e-09    -3.34725e-06     -0.00137588        55.04361
       3846.154        4423.077
              0               0               0        4423.077
    8.87799e-07   -6.321963e-06       0.9702047        141.9437
   3.666235e-06   -3.046466e-05      -0.2422221        58.67996
       260.1815        281.8633
  -1.362311e-27    2.357846e-24               1        3846.154
   1.000137e-09   -1.215165e-06     -0.03042765        159.7105
   2.057757e-09   -3.767464e-06    -0.003308966         61.4478
       3846.154        4423.077
