              0               0               0        1173.077
  -3.090222e-07   -8.518246e-05       0.9989867       -11.63172
  -1.544164e-06    -0.000895037     -0.05802455        99.43605
       168.3948        202.0738
   2.578164e-24   -2.333275e-21               1        1173.077
   3.909845e-07   -0.0004074698       0.1149307        21.90469
   1.259793e-07   -0.0001433234       0.0468769        96.40764
       1173.077        1538.462
              0               0               0        1538.462
  -2.434545e-07    -6.66812e-05       0.9996667       -8.094984
  -1.720605e-06   -0.0007823675     -0.04557175        103.3668
       183.9057        220.6869
   2.578164e-24   -2.333275e-21               1        1173.077
   2.933871e-07   -0.0002997009      0.08001667       -11.63172
   2.321305e-07   -0.0002518238      0.07177969        99.43605
       1173.077        1538.462
