              0               0               0        1538.462
    6.84513e-08    0.0001540508       0.8920605        330.8817
   3.155875e-07    0.0003037789      -0.4518938       -27.73188
       551.7172        588.4983
  -3.610124e-25    4.927898e-22               1        1538.462
   2.842496e-09   -1.402169e-05     -0.03180983        363.9045
   1.666052e-08   -6.815665e-05       0.1167596       -43.92638
       1538.462        2115.385
              0               0               0        2115.385
  -6.189056e-09    0.0001271923       0.9435063        309.4311
    3.10637e-07    0.0003606974      -0.3313306        14.71246
       506.4462        540.2093
  -3.610124e-25    4.927898e-22               1        1538.462
   2.146098e-09   -1.082634e-05     -0.03164938        330.8817
   1.587911e-08    -6.27214e-05       0.1044704       -27.73188
       1538.462        2115.385
