              0               0               0        1173.077
   -5.11102e-05     0.002225738      -0.8030847       -132.4844
   7.116698e-05    5.725993e-05       0.5341439        31.40702
      -67.26004       -33.63002
   2.578164e-24   -2.333275e-21               1        1173.077
  -3.303909e-07    0.0003688637      -0.1156424       -158.9189
   5.171071e-07   -0.0005267343       0.1161921        52.14187
       1173.077        1538.462
              0               0               0        1538.462
  -4.480454e-05     0.002059862      -0.8100828       -138.8593
   6.119577e-05    2.922562e-05       0.5216614        27.27695
      -73.43448       -36.71724
   2.578164e-24   -2.333275e-21               1        1173.077
  -2.969392e-07    0.0003287655     -0.09792981       -132.4844
    3.82064e-07   -0.0003839952      0.07799481        31.40702
       1173.077        1538.462
