              0               0               0        4423.077
   -0.001016793      0.05625111      0.02819455       -106.3774
  -6.255155e-05    -0.002385525       0.6883033        25.31764
              0        21.68179
  -1.362311e-27    6.195073e-40               1        4423.077
   1.074646e-09    3.750329e-07       0.0254399       -89.68627
  -1.750275e-09    2.085889e-07    -0.004392142        38.48229
       4423.077            5000
              0               0               0            5000
   -0.001362255      0.06513178      0.01870753       -88.86206
  -0.0001099138    -0.001738813       0.6904275        24.11434
              0        18.66699
  -1.362311e-27    6.195073e-40               1        4423.077
   1.202184e-11    2.329678e-08      0.03034256       -106.3774
   9.444445e-11    9.604189e-07    -0.002671243        25.31764
       4423.077            5000
