              0               0               0        2115.385
   3.186079e-07    0.0001106039      -0.9853166        36.35759
  -6.268036e-07    0.0006640982       0.1708313        -39.8452
      -235.9314       -202.2269
   9.672408e-26   -1.320394e-22               1        2115.385
   3.138315e-09   -8.335352e-06      0.01258455         3.28584
   1.479085e-09    6.594443e-07     0.007087947         -33.357
       2115.385        2692.308
              0               0               0        2692.308
   5.266799e-07    6.847119e-05      -0.9942968        38.80559
   2.480223e-07    0.0006760584       0.1069778       -32.69076
      -214.8009       -184.1151
   9.672408e-26   -1.320394e-22               1        2115.385
   3.837858e-09   -9.753345e-06     0.008592734        36.35759
   3.446231e-09   -3.606756e-06      0.01333481        -39.8452
       2115.385        2692.308
