              0               0               0       -2115.385
     4.6875e-09   -2.966231e-06       -0.997416        -298.328
   3.080263e-07   -4.683128e-05       0.0717389        -33.2548
       1207.101        1240.601
   7.503431e-27   -2.744361e-24               1       -2115.385
  -1.046437e-07    5.236833e-05     -0.03158253        -331.745
  -2.198464e-07    3.260077e-05     -0.03685607        -30.8925
      -2115.385       -1538.462
              0               0               0       -1538.462
  -2.863634e-08    2.614502e-06      -0.9985573       -316.1393
   2.894703e-07   -4.253391e-05     -0.05356501       -81.52018
       1316.649        1353.194
   7.503431e-27   -2.744361e-24               1       -2115.385
  -9.221538e-08    4.752818e-05     -0.02759997        -298.328
  -1.986439e-07     2.92472e-05      -0.0344167        -33.2548
      -2115.385       -1538.462
