              0               0               0        711.5385
  -1.004245e-05   -5.789538e-05         1.00007        21.54059
   1.208802e-05    -0.004396929    -0.006631041        128.2373
       168.5054         185.356
  -5.749011e-22    2.093553e-19               1        711.5385
  -2.022269e-06    0.0009967679       0.1557793        38.32782
   7.732646e-06     -0.00151439      -0.3189779        126.9349
       711.5385        865.3846
              0               0               0        865.3846
   3.323701e-06   -0.0003637337       0.9861698        59.31263
   2.577882e-05    -0.002177826      -0.1639814        74.03053
        195.953        215.5483
  -5.749011e-22    2.093553e-19               1        711.5385
  -2.262708e-06    0.0009899218       0.1467778        21.54059
    7.73141e-06    -0.001465059      -0.3099424        128.2373
       711.5385        865.3846
