              0               0               0        4423.077
  -8.434362e-07    0.0001460411       0.9897979        247.9196
   1.468407e-06    0.0009496185      -0.1427863        36.07957
       368.5904        390.2722
  -1.362311e-27    6.195073e-40               1        4423.077
   8.922896e-11    1.033525e-08     -0.06046442        269.4402
   -8.43671e-11   -1.873267e-06     0.004776764        33.44509
       4423.077            5000
              0               0               0            5000
  -9.180393e-07    0.0001488773       0.9916155        216.0211
    4.52975e-07     0.001103754      -0.1291015         37.5836
       317.3389        336.0058
  -1.362311e-27    6.195073e-40               1        4423.077
   1.879249e-10    6.263561e-08     -0.05538939        247.9196
   8.291193e-11    -1.66156e-06     0.003537976        36.07957
       4423.077            5000
