              0               0               0        307.6923
   1.437665e-05      0.00302942      -0.7096797       -57.21523
   -4.35548e-06     0.003044226       0.7041799        -48.7426
      -84.85376       -67.88301
  -1.867855e-21    6.194539e-19               1        307.6923
   6.544857e-07   -0.0001424262     -0.03490576       -68.31627
  -6.257287e-07    9.838538e-05      0.03044919       -35.93667
       307.6923        557.6923
              0               0               0        557.6923
   3.536192e-06      0.00401404      -0.5606139       -66.24983
  -1.765642e-05      0.00279054       0.8276499       -49.22555
      -98.61209       -78.88967
  -1.867855e-21    6.194539e-19               1        307.6923
   8.030465e-07   -0.0001781012     -0.04180349       -57.21523
  -1.996105e-07   -5.651307e-06      0.01195669        -48.7426
       307.6923        557.6923
