              0               0               0        865.3846
  -3.113836e-06    -0.000180684       0.9968378         39.8721
   6.317008e-07    -0.002214961     -0.07790341        76.40281
       176.3577         195.953
   1.528862e-22   -5.598364e-20               1        865.3846
   5.362995e-07   -5.440507e-05       0.2907035        59.31263
  -6.276882e-06     0.002103284      -0.2117538        74.03053
       865.3846        1019.231
              0               0               0        1019.231
   1.306672e-06   -0.0004747802       0.9707722        79.22877
   1.050094e-05    -0.001892844      -0.2392078        75.87038
       239.0339        265.5932
   1.528862e-22   -5.598364e-20               1        865.3846
   8.827359e-07   -0.0001701243       0.2610981         39.8721
    -6.1169e-06     0.002111353      -0.1835057        76.40281
       865.3846        1019.231
