              0               0               0       -3846.154
   6.858615e-07   -4.491844e-05       0.9669542       -143.4089
  -2.647945e-06    0.0001698576       0.2549733        54.90122
       171.4217        195.9105
  -1.415742e-28    4.900644e-26               1       -3846.154
   7.140964e-10    8.550099e-08     -0.03075741       -119.7462
   2.469347e-09   -3.949089e-06     0.003076083        61.20818
      -3846.154       -3269.231
              0               0               0       -3269.231
   6.000111e-07   -4.575598e-05       0.9633096       -163.8047
  -2.145154e-06    0.0001628454       0.2684046        54.67996
       192.5765        220.0874
  -1.415742e-28    4.900644e-26               1       -3846.154
   1.067225e-09   -6.939815e-08     -0.03566788       -143.4089
   2.014572e-09   -3.754656e-06     0.001112105        54.90122
      -3846.154       -3269.231
