              0               0               0       -1019.231
   9.342884e-07   -7.077793e-05       0.9194876       -155.4405
   -2.19159e-06    0.0001651758        0.393116        34.42766
       198.2308        226.5495
   -3.17765e-24    3.030207e-22               1       -1019.231
   2.672449e-06   -0.0005250547       0.3717362       -129.4373
    8.06814e-06     -0.00154345       0.1129989        45.64288
      -1019.231       -865.3846
              0               0               0       -865.3846
   1.191596e-06   -6.804121e-05       0.9668813        -95.5936
  -4.501142e-06    0.0002554216         0.25522        50.34592
       149.6449        171.0227
   -3.17765e-24    3.030207e-22               1       -1019.231
    2.61334e-06   -0.0005026788       0.4044857       -155.4405
   8.142316e-06    -0.001651184       0.1647794        34.42766
      -1019.231       -865.3846
