              0               0               0        4423.077
   -0.000176759     0.003454528      -0.9168767       -70.64315
   0.0001364474    0.0009786254       0.2927064        3.029167
      -43.29699       -21.64849
  -1.362311e-27    6.195073e-40               1        4423.077
  -1.127996e-09   -6.249343e-07      0.02754099       -90.66651
   -1.75762e-09     2.88273e-07     0.002059424        11.20882
       4423.077            5000
              0               0               0            5000
  -0.0002364153     0.003911459      -0.9212254       -57.85823
   0.0001839012     0.001056954       0.2803515        5.371323
       -37.2802        -18.6401
  -1.362311e-27    6.195073e-40               1        4423.077
  -8.542062e-10   -5.923058e-07      0.02278655       -70.64315
  -2.453636e-09    -1.13876e-07     0.004942104        3.029167
       4423.077            5000
