              0               0               0        2115.385
  -5.252113e-07    6.181914e-05      -0.9977228        472.9865
   7.290682e-06   -0.0009162315     -0.05809289       -25.09752
      -674.0898       -640.3853
   9.672408e-26   -1.320394e-22               1        2115.385
   8.779242e-09   -1.627351e-05     -0.05443423        439.4088
   2.214662e-08   -5.398189e-05       0.0755099        -27.8172
       2115.385        2692.308
              0               0               0        2692.308
   -1.21718e-06    0.0001368482      -0.9921329        434.6246
   8.564379e-06   -0.0009813771      -0.1231068        6.485789
      -613.7169        -583.031
   9.672408e-26   -1.320394e-22               1        2115.385
   1.035446e-08   -1.765948e-05     -0.05975218        472.9865
   2.082421e-08   -5.688573e-05      0.08063196       -25.09752
       2115.385        2692.308
