              0               0               0        4423.077
   6.583639e-07    5.142525e-05       0.9711826        162.9855
   3.053386e-06    0.0002080069      -0.2383727        53.45119
       281.8633        303.5451
  -1.362311e-27    6.195073e-40               1        4423.077
   6.294183e-10    3.099626e-07     -0.04053788        184.0734
    1.16345e-09   -8.191746e-07    -0.001608136        48.41175
       4423.077            5000
              0               0               0            5000
   7.573572e-07    5.716174e-05         0.97438        142.6966
   3.740256e-06    0.0002459302      -0.2249247        51.52338
       242.6709        261.3379
  -1.362311e-27    6.195073e-40               1        4423.077
   8.215051e-10    4.137092e-07     -0.03567959        162.9855
   1.642853e-09   -5.038511e-07    -0.003597669        53.45119
       4423.077            5000
