              0               0               0        1173.077
   1.370412e-06    2.846893e-05      -0.9970654        150.8484
    7.95276e-06    0.0004658991      0.07783048       -66.75299
      -369.9302       -336.3002
   2.578164e-24   -2.333275e-21               1        1173.077
   2.422672e-07   -0.0002811696       0.1195087        117.4014
  -5.838014e-07    0.0006268435      -0.1760799       -63.30614
       1173.077        1538.462
              0               0               0        1538.462
    1.14622e-06     1.65566e-05      -0.9980771        171.9158
   7.335147e-06    0.0003930023       0.0642593        -75.6865
      -403.8896       -367.1724
   2.578164e-24   -2.333275e-21               1        1173.077
   3.369034e-07   -0.0003860755       0.1537457        150.8484
  -6.870571e-07    0.0007329194      -0.2005209       -66.75299
       1173.077        1538.462
