              0               0               0           -5000
   7.908553e-05    -0.003907074      -0.9211258        95.70633
   2.355967e-05    0.0008528914      -0.2802458        5.597451
        406.172        424.6103
   2.831483e-29   -4.900644e-26               1           -5000
  -1.301772e-09     3.21932e-06      0.01561589        77.88978
   2.514531e-09   -4.626168e-06      -0.0041023       0.8678352
          -5000       -4423.077
              0               0               0       -4423.077
   6.200468e-05     -0.00352495      -0.9167798        108.3861
   1.169139e-05    0.0009064462      -0.2906194        3.143318
       472.5364         493.977
   2.831483e-29   -4.900644e-26               1           -5000
  -1.491209e-09    3.558414e-06       0.0204216        95.70633
   1.737692e-09   -2.731006e-06    -0.003256625        5.597451
          -5000       -4423.077
