              0               0               0       -3846.154
  -9.637998e-07   -8.491441e-05       0.9933864       -263.2542
   2.254925e-06    0.0007844812       0.1151045        30.33875
       48.97762        73.46643
  -1.415742e-28    4.900644e-26               1       -3846.154
   2.445596e-09   -6.731031e-07     -0.05562119       -238.9925
  -3.835439e-11   -2.905788e-06    -0.005872798        33.66109
      -3846.154       -3269.231
              0               0               0       -3269.231
  -6.931727e-07   -8.698669e-05       0.9912842       -298.0269
   6.522375e-07    0.0007344243       0.1311885        25.11986
       55.02186        82.53278
  -1.415742e-28    4.900644e-26               1       -3846.154
   2.714011e-09   -7.665987e-07     -0.06073371       -263.2542
   -2.86724e-10   -2.977405e-06    -0.007232904        30.33875
      -3846.154       -3269.231
