              0               0               0       -2692.308
   1.452856e-06   -1.445023e-05       -1.000026       -60.98448
   2.757752e-06     0.001196064    -0.004141673       -35.83904
       884.9881        915.4723
  -2.010353e-27    7.350966e-25               1       -2692.308
   1.132836e-08    7.526744e-07     -0.01542371       -91.44178
   1.383542e-08   -8.393044e-06     -0.02329571       -34.77568
      -2692.308       -2115.385
              0               0               0       -2115.385
   1.069285e-06   -8.164836e-05       -0.997841       -64.43473
   2.373558e-06     0.001082779     -0.06630918       -47.43536
       972.5977        1006.098
  -2.010353e-27    7.350966e-25               1       -2692.308
   8.430901e-09    1.602031e-06    -0.009710822       -60.98448
   1.175037e-08   -6.675895e-06     -0.02015982       -35.83904
      -2692.308       -2115.385
