              0               0               0        1019.231
   5.218487e-08    8.610177e-07      -0.9976297        278.8225
  -1.061854e-06     7.68329e-06     -0.06907267        -14.9569
      -450.7754       -424.2592
  -3.664376e-23    1.457923e-20               1        1019.231
   -1.81088e-06   -9.640513e-05       0.4880376        252.3707
   4.565156e-06   -0.0008587278      -0.3776544       -16.80284
       1019.231        1173.077
              0               0               0        1173.077
  -3.922003e-08    1.284099e-06      -0.9967687         352.099
  -4.428382e-07     1.33264e-05      0.08027187       -81.30296
      -571.7104       -538.0804
  -3.664376e-23    1.457923e-20               1        1019.231
  -2.110334e-06   -7.021958e-05       0.5370492        278.8225
   5.026819e-06   -0.0009659116      -0.4016256        -14.9569
       1019.231        1173.077
