              0               0               0       -1019.231
  -1.056675e-07   -0.0001287108      -0.9871239        -5.19039
   5.296838e-06    0.0007770012      -0.1600566       -31.19736
       792.5235        820.7922
   -3.17765e-24    3.030207e-22               1       -1019.231
   1.064513e-06   -7.952886e-06       0.1152607       -33.20036
  -5.267567e-06    4.218988e-05        0.254927       -34.98138
      -1019.231       -865.3846
              0               0               0       -865.3846
   1.051404e-06     -1.7161e-05      -0.9998561        9.564663
   1.077658e-05     0.000983885     -0.01417036       -14.19502
       598.3575        619.7076
   -3.17765e-24    3.030207e-22               1       -1019.231
   1.116448e-06   -1.621184e-06      0.06973245        -5.19039
  -5.111651e-06    0.0001279239       0.2118204       -31.19736
      -1019.231       -865.3846
