              0               0               0        3846.154
   -9.57174e-07   -1.815774e-05       -0.974216        282.4875
   3.182872e-06    0.0001493877       -0.226682        6.240408
      -421.4019       -396.6136
  -1.362311e-27    2.357846e-24               1        3846.154
   6.538134e-09   -9.203375e-06     -0.04936519        258.3126
  -3.490645e-08    4.664081e-05     0.008058102       0.7616099
       3846.154        4423.077
              0               0               0        4423.077
   6.553667e-07   -2.107872e-05      -0.9806466        249.2576
  -3.259193e-06    0.0001043567      -0.1957671        18.45382
      -368.0244       -346.3759
  -1.362311e-27    2.357846e-24               1        3846.154
   6.177555e-09   -8.669548e-06     -0.05465295        282.4875
  -3.051075e-08    4.041573e-05     0.008008355        6.240408
       3846.154        4423.077
