              0               0               0       -557.6923
  -9.006209e-06     0.001473804       0.9421177       -11.28075
  -2.826604e-05    -0.004182698       0.3351883        141.4846
       160.6203         178.467
   8.804966e-23   -1.624172e-20               1       -557.6923
  -1.614982e-06    0.0008520713     -0.05928792        5.951158
    1.37508e-06   -0.0007582799      0.07153514        145.9737
      -557.6923       -307.6923
              0               0               0       -307.6923
   -1.22476e-05     0.000639344       0.9886025        1.936115
  -1.529612e-05    -0.004141025       0.1536877        136.6104
        155.544        172.8267
   8.804966e-23   -1.624172e-20               1       -557.6923
  -1.687816e-06     0.000899517     -0.06652331       -11.28075
   9.918712e-07   -0.0005575607      0.05790127        141.4846
      -557.6923       -307.6923
