              0               0               0       -307.6923
  -1.412875e-05    4.330449e-06       0.9997269        19.14955
   1.449908e-05    -0.004934099    -0.003154699        137.9507
       172.8267        190.1094
  -2.352002e-22    4.979552e-20               1       -307.6923
   4.803901e-07   -0.0003375477      0.05866464        36.35586
   -5.38507e-07     0.000342561     -0.06123394        136.4972
      -307.6923               0
              0               0               0               0
  -1.368888e-05     1.35881e-05       0.9997698        19.46703
    3.80615e-06    -0.004684682     0.002121615        135.7067
       170.4412        187.4853
  -2.352002e-22    4.979552e-20               1       -307.6923
   5.028324e-07   -0.0003591649      0.06393868        19.14955
  -4.386083e-07    0.0002730303     -0.04977726        137.9507
      -307.6923               0
