              0               0               0       -711.5385
  -9.516089e-06   -0.0004385421        0.994362        29.02168
   1.095576e-06    -0.003892431       -0.107915        114.8641
       183.7108        200.4118
  -4.461828e-23    4.351327e-21               1       -711.5385
   5.016423e-06    -0.001637234       0.1069895        45.46185
  -1.233438e-06   -0.0004526137       0.3138151        111.9812
      -711.5385       -557.6923
              0               0               0       -557.6923
  -1.226854e-05   -0.0002268268        0.999766        23.73657
   1.143654e-06    -0.004805487     -0.02853296        147.0896
       196.3137        214.1604
  -4.461828e-23    4.351327e-21               1       -711.5385
    5.69985e-06    -0.001857355        0.116486        29.02168
  -4.969694e-07   -0.0006821223       0.3261706        114.8641
      -711.5385       -557.6923
