              0               0               0       -3846.154
  -1.477505e-06   -0.0001221769       0.9977669       0.7989348
   5.302163e-06     -0.00179974     -0.06737717         78.2929
       318.3545        342.8433
  -1.415742e-28    4.900644e-26               1       -3846.154
   -5.22328e-10    3.938509e-07   -0.0001481418        25.13809
  -3.148379e-09    3.181905e-06      0.01076788        75.64147
      -3846.154       -3269.231
              0               0               0       -3269.231
  -1.327787e-06   -6.436291e-05        0.999219       -2.329666
   3.514851e-06    -0.001591445     -0.03989892        84.53718
       357.6421         385.153
  -1.415742e-28    4.900644e-26               1       -3846.154
  -1.554683e-10    1.292128e-07    -0.005445708       0.7989348
  -1.793038e-09    1.562505e-06      0.01051876         78.2929
      -3846.154       -3269.231
