              0               0               0           -5000
   5.475887e-07   -2.291459e-05      -0.9776595       -158.4931
   2.693142e-06   -0.0001084684       0.2101744        18.75382
       664.3083        682.7466
   2.831483e-29   -4.900644e-26               1           -5000
   3.874293e-09   -8.034105e-06      -0.0519549       -176.5238
   2.259286e-08   -4.897817e-05      0.01408606        22.60909
          -5000       -4423.077
              0               0               0       -4423.077
   4.428621e-07   -1.789899e-05      -0.9804414       -187.4028
   2.278809e-06     -9.0332e-05       0.1967975        14.57173
       772.7044        794.1449
   2.831483e-29   -4.900644e-26               1           -5000
   4.186099e-09   -8.622419e-06      -0.0465291       -158.4931
   2.615642e-08   -5.620788e-05      0.01647274        18.75382
          -5000       -4423.077
