              0               0               0        711.5385
   1.027418e-05    0.0005216588      -0.9925576        6.676727
  -6.686072e-06     0.004287853       0.1207741        -72.3369
       -151.815       -134.9467
  -5.749011e-22    2.093553e-19               1        711.5385
  -2.849282e-06    0.0007315601        0.162831       -9.868319
  -7.608275e-06     0.001440743       0.2793777       -69.11167
       711.5385        865.3846
              0               0               0        865.3846
   1.564585e-06   -6.620395e-05      -0.9989813        41.70844
   -6.42065e-06     0.001810278      -0.0443277       -19.51241
      -176.3307       -156.7384
  -5.749011e-22    2.093553e-19               1        711.5385
  -3.080033e-06    0.0009154591       0.1597665        6.676727
  -8.123748e-06     0.001489365       0.3065042        -72.3369
       711.5385        865.3846
