              0               0               0       -4423.077
    0.001013922      -0.0569136      0.02298942        143.9112
   0.0001976828    -0.002586601      -0.6889257        25.21582
       429.6553        451.0959
   2.831483e-29     1.28761e-41               1       -4423.077
  -1.527712e-09    9.346781e-07      0.02767305        128.2344
   8.790489e-10    7.561566e-07     -0.00170314         11.2042
      -4423.077       -3846.154
              0               0               0       -3846.154
   0.0007530939     -0.04906991      0.05058221        161.4127
   0.0001683276    -0.003515005      -0.6819795        27.01562
       489.7762        514.3317
   2.831483e-29     1.28761e-41               1       -4423.077
   1.142238e-10   -2.087842e-08       0.0303099        143.9112
   1.760702e-10    9.859148e-07     0.002492257        25.21582
      -4423.077       -3846.154
