              0               0               0        2692.308
  -6.372238e-06     0.000362954      -0.9681214       -51.82383
   3.198487e-06    0.0008547102       0.2397156       -16.92885
      -122.7434       -92.05753
  -2.588391e-26    3.536769e-23               1        2692.308
   4.488435e-10   -1.945598e-06      0.01999677       -81.37381
   -4.08576e-09    6.529428e-06    -0.001520745       -8.675741
       2692.308        3269.231
              0               0               0        3269.231
  -7.812906e-06    0.0003686575      -0.9755417       -43.51336
   3.845608e-06    0.0009580923       0.2076417       -14.72728
      -110.7159       -83.03694
  -2.588391e-26    3.536769e-23               1        2692.308
   6.383437e-10   -2.339525e-06      0.01554208       -51.82383
  -4.574887e-09     5.28568e-06     0.002289331       -16.92885
       2692.308        3269.231
