              0               0               0        2692.308
   4.074877e-08   -0.0002883845       0.9833406        106.8207
   5.431273e-06    -0.001525409      -0.1810869        84.98905
       276.6539        307.3933
  -2.588391e-26    3.536769e-23               1        2692.308
   -1.63532e-10    2.736515e-06     -0.02421983        136.7767
   3.180448e-09   -6.827536e-06    0.0003288854        78.13895
       2692.308        3269.231
              0               0               0        3269.231
  -4.065631e-08   -0.0002709541       0.9888116        96.48227
   7.738349e-06    -0.001755439      -0.1485576          81.969
       249.4803        277.2004
  -2.588391e-26    3.536769e-23               1        2692.308
  -3.535284e-10    3.160733e-06     -0.01962585        106.8207
   1.882114e-09    -4.79347e-06    -0.003095726        84.98905
       2692.308        3269.231
