              0               0               0       -711.5385
   -2.48057e-05     0.003015185       0.7141686       -93.07296
    1.03644e-05    -0.002937449       0.6981598        71.26631
       50.10294        66.80392
  -4.461828e-23    4.351327e-21               1       -711.5385
   5.814669e-06    -0.002415051       0.2956322       -80.42019
   6.227908e-06      -0.0021101       0.1590581        82.15522
      -711.5385       -557.6923
              0               0               0       -557.6923
   1.502267e-05     0.003728616       0.1664699       -75.17008
  -1.336622e-05   -0.0007269062        0.987462        62.04492
       53.54009        71.38679
  -4.461828e-23    4.351327e-21               1       -711.5385
   4.975566e-06    -0.002350485        0.360217       -93.07296
   6.503397e-06    -0.002037854      0.09965049        71.26631
      -711.5385       -557.6923
