              0               0               0        557.6923
   3.536192e-06      0.00401404      -0.5606139       -66.24983
  -1.765642e-05      0.00279054       0.8276499       -49.22555
      -98.61209       -78.88967
   2.146718e-21   -7.814377e-19               1        557.6923
  -4.692552e-07    0.0003484381      0.01659721         -75.718
    3.34314e-06   -0.0003709111     -0.03768224       -31.95229
       557.6923        711.5385
              0               0               0        711.5385
   1.052456e-05     0.002818484      -0.7718697       -54.45858
  -1.008572e-05     0.003511924       0.6349751        -46.0169
      -84.34167       -67.47333
   2.146718e-21   -7.814377e-19               1        557.6923
  -3.520696e-07    0.0004241836      0.01971711       -66.24983
   3.086513e-06   -0.0001553592     -0.02829594       -49.22555
       557.6923        711.5385
