              0               0               0       -2692.308
   4.314111e-07   -0.0001172675       0.9639018       -243.2412
  -1.835459e-06    0.0004242137        0.266197        33.74993
       152.6575         183.189
  -2.010353e-27    7.350966e-25               1       -2692.308
   3.260393e-08   -1.174126e-05     -0.04491813       -213.9089
    3.30361e-08   -2.789629e-05     -0.01998844        42.22053
      -2692.308       -2115.385
              0               0               0       -2115.385
   3.620752e-07    -0.000124647       0.9454923       -269.0695
  -1.223405e-06    0.0003607534       0.3256154        16.46154
       167.7735        201.3282
  -2.010353e-27    7.350966e-25               1       -2692.308
    3.46378e-08   -1.182445e-05     -0.04947606       -243.2412
   3.662337e-08   -3.096959e-05      -0.0242892        33.74993
      -2692.308       -2115.385
