              0               0               0       -4423.077
   0.0002053029    -0.003302588        0.890002         107.803
  -0.0001027217    0.0002167443      -0.3628849         46.9491
       386.6898        408.1726
   2.831483e-29     1.28761e-41               1       -4423.077
   5.650875e-10   -3.837458e-07      0.02575723         127.434
    1.70834e-09    3.960187e-07     0.004441205        38.23493
      -4423.077       -3846.154
              0               0               0       -3846.154
   0.0001550072     -0.00278888       0.8993866        119.6458
  -7.428597e-05    0.0001840601      -0.3421269        50.61587
       440.7986        465.2874
   2.831483e-29     1.28761e-41               1       -4423.077
   9.544714e-10   -5.951555e-07      0.02055334         107.803
   2.787118e-09   -1.367737e-07      0.00550698         46.9491
      -4423.077       -3846.154
