              0               0               0       -1019.231
   1.189526e-06    0.0003956417       0.9361238       -77.14565
  -8.084153e-06    -0.001017101       0.3518148         67.3865
       283.1869        311.5056
   -3.17765e-24    3.030207e-22               1       -1019.231
   2.833219e-06   -0.0005812948       0.2681721       -50.29156
   6.906321e-06    -0.001125082      -0.0303984        76.35018
      -1019.231       -865.3846
              0               0               0       -865.3846
   3.312824e-07    0.0003105859       0.9769805       -33.50699
  -1.452324e-05    -0.001359603       0.2132902         66.3961
       213.7784        235.1562
   -3.17765e-24    3.030207e-22               1       -1019.231
   2.805209e-06   -0.0005696941       0.3049011       -77.14565
   7.414123e-06    -0.001277421      0.01460659         67.3865
      -1019.231       -865.3846
