              0               0               0        2115.385
   1.061867e-06   -1.805886e-05      -0.9997774        136.8762
  -1.685186e-06      0.00128187    -0.008538013       -49.47675
      -337.0449       -303.3404
   9.672408e-26   -1.320394e-22               1        2115.385
   4.923417e-09   -1.192827e-05    -0.000242033        103.1994
   8.119111e-09   -1.259592e-05      0.02513545       -48.37285
       2115.385        2692.308
              0               0               0        2692.308
   1.401077e-06   -0.0001116553      -0.9971233        130.6971
  -2.708161e-06      0.00143063     -0.07316445       -35.52874
      -306.8584       -276.1726
   9.672408e-26   -1.320394e-22               1        2115.385
   5.229756e-09   -1.258198e-05    -0.005192204        136.8762
   1.092144e-08   -1.740291e-05      0.03058158       -49.47675
       2115.385        2692.308
