              0               0               0        557.6923
   1.295998e-05    -0.004053603       0.1471091        113.2602
   1.540997e-05    -0.000619008      -0.9894913        63.06013
       301.8366        317.7228
   2.146718e-21   -7.814377e-19               1        557.6923
   5.153225e-06     0.000383216     -0.01212024        114.6261
      5.358e-06    -0.001156805     -0.06816394         47.2465
       557.6923        711.5385
              0               0               0        711.5385
  -2.230132e-05    -0.004501458       0.3057343        136.8293
   3.760592e-06     -0.00143002      -0.9502626        45.29046
       320.1603        337.0108
   2.146718e-21   -7.814377e-19               1        557.6923
   3.880571e-06    0.0004255619    -0.004119437        113.2602
   3.462643e-06   -0.0009777407     -0.04703723        63.06013
       557.6923        711.5385
