              0               0               0       -2115.385
   0.0003934299     -0.03544397       0.1128864        212.7207
   0.0001288601    -0.006044049      -0.6770676        48.60508
        671.094        704.5944
   7.503431e-27   -2.744361e-24               1       -2115.385
   2.969708e-08   -1.339912e-05      0.02326291        191.5162
   8.264323e-08   -6.587983e-06      0.01674306        23.98466
      -2115.385       -1538.462
              0               0               0       -1538.462
   0.0003137923     -0.03149619       0.1982142        225.6851
   0.0001464502    -0.009455823      -0.6551253         76.7431
       731.9295        768.4745
   7.503431e-27   -2.744361e-24               1       -2115.385
   2.466877e-08   -1.546124e-05      0.02318077        212.7207
   1.004337e-07   -1.080083e-05      0.02157543        48.60508
      -2115.385       -1538.462
