              0               0               0       -1538.462
  -2.044694e-05      0.00039932        1.006822        120.6691
   5.707135e-06   -0.0009812025     -0.07910304        101.2055
       622.1401        658.7366
  -5.358563e-26    1.024235e-23               1       -1538.462
  -5.512189e-09   -2.646958e-05    -0.003398536        157.0478
  -7.376637e-07    0.0001149554      0.08083421        97.27617
      -1538.462       -1173.077
              0               0               0       -1173.077
  -2.168182e-05    0.0004788848        1.009906        116.1619
   4.827925e-06   -0.0009882608    -0.005752915        107.4301
       609.8008        645.6714
  -5.358563e-26    1.024235e-23               1       -1538.462
   1.697985e-07   -4.844322e-05     -0.01730413        120.6691
  -5.864702e-07     8.66474e-05      0.06367353        101.2055
      -1538.462       -1173.077
