              0               0               0        1173.077
  -0.0004046606       0.0339273       0.2156189       -176.1434
   8.675211e-05     -0.01109846       0.6496093        79.62792
              0        33.67897
   2.578164e-24   -2.333275e-21               1        1173.077
  -1.716814e-07    0.0002051251     -0.07587212       -145.8573
   5.970013e-07   -0.0006203836       0.1507248        92.23144
       1173.077        1538.462
              0               0               0        1538.462
  -0.0003410296      0.03129113       0.2033176       -187.4103
   7.066186e-05    -0.009938045       0.6549916        79.43869
              0        36.78114
   2.578164e-24   -2.333275e-21               1        1173.077
  -3.085165e-07    0.0003514454      -0.1180595       -176.1434
   6.423887e-07   -0.0006635263       0.1561617        79.62792
       1173.077        1538.462
