              0               0               0       -4423.077
  -2.256747e-06    0.0001399489      -0.9802331       -82.49087
   -9.59634e-06    0.0006073905       0.1986688       -7.465927
       665.5015        686.9421
   2.831483e-29     1.28761e-41               1       -4423.077
   2.824417e-09   -6.597806e-07     -0.03069162       -103.4655
   2.746124e-08   -1.069498e-05     -0.02513717       -3.021722
      -4423.077       -3846.154
              0               0               0       -3846.154
   -1.83969e-06    0.0001785006      -0.9893592       -96.63562
  -1.245403e-05     0.001133599       0.1457213       -19.88786
       759.8872        784.4428
   2.831483e-29     1.28761e-41               1       -4423.077
   1.919669e-09   -2.832049e-07     -0.02499313       -82.49087
   2.470929e-08   -9.561928e-06     -0.02423909       -7.465927
      -4423.077       -3846.154
