              0               0               0        3846.154
  -0.0007773432      0.04883416      0.05544483       -123.8773
  -1.478116e-05    -0.003964402       0.6846138        27.16027
              0         24.6846
  -1.362311e-27    2.357846e-24               1        3846.154
   1.074646e-09   -1.484931e-06      0.02608023       -104.4447
  -1.750275e-09    3.237912e-06    -0.006380508        41.42174
       3846.154        4423.077
              0               0               0        4423.077
   -0.001016793      0.05625111      0.02819455       -106.3774
  -6.255155e-05    -0.002385525       0.6883033        25.31764
              0        21.68179
  -1.362311e-27    2.357846e-24               1        3846.154
   1.202184e-11    2.489748e-09      0.03032769       -123.8773
   9.444445e-11    7.969574e-07    -0.003685114        27.16027
       3846.154        4423.077
