              0               0               0        1019.231
   9.565745e-07    0.0001747201       0.9750928        305.6354
   9.772502e-06    0.0008031327      -0.2215017      -0.1202823
       478.0678        504.6271
  -3.664376e-23    1.457923e-20               1        1019.231
  -2.870904e-06    2.706885e-05       0.6395595        331.6743
   6.223124e-06    -0.001311779      -0.4246965       -5.253603
       1019.231        1173.077
              0               0               0        1173.077
   1.894535e-06    0.0002030571       0.9296189        388.6436
   6.922257e-06     0.000527529      -0.3684917       -67.43149
       606.2214        639.9004
  -3.664376e-23    1.457923e-20               1        1019.231
  -2.541025e-06   -3.560117e-05       0.6051731        305.6354
    5.87962e-06    -0.001276167       -0.380352      -0.1202823
       1019.231        1173.077
