              0               0               0       -711.5385
   1.326156e-05     0.001680975       -0.827979        -70.0729
   4.800678e-06     0.002490408        0.561795       -32.59232
       585.2358        601.9836
  -4.461828e-23    4.351327e-21               1       -711.5385
   1.455833e-06    -0.001427504       0.3727532        -83.4059
   2.078359e-06    0.0002407925      -0.3064554       -22.46244
      -711.5385       -557.6923
              0               0               0       -557.6923
   2.192428e-05     0.003084534      -0.7513213        -42.4636
  -2.926091e-06     0.003555888        0.659586       -68.95271
       619.3272        636.8201
  -4.461828e-23    4.351327e-21               1       -711.5385
   8.761849e-07    -0.001194005       0.3424154        -70.0729
   1.764162e-06     0.000406123      -0.3405783       -32.59232
      -711.5385       -557.6923
