              0               0               0       -1538.462
  -1.107759e-06    0.0002072839        0.984195       -25.22751
   1.621668e-06    -0.001162715       0.1772698         95.2903
       475.7542        512.3507
  -5.358563e-26    1.024235e-23               1       -1538.462
   6.322391e-07   -0.0001026835     -0.05229691        11.01388
  -7.878534e-08   -4.982858e-06     0.007833471           100.3
      -1538.462       -1173.077
              0               0               0       -1173.077
   -1.33625e-06      0.00030542       0.9681997       -26.02344
   1.668418e-06    -0.001185358       0.2503421        91.12203
       466.3182        502.1889
  -5.358563e-26    1.024235e-23               1       -1538.462
    7.61819e-07   -0.0001163695     -0.06136606       -25.22751
   1.068908e-07   -3.739611e-05     -0.01201448         95.2903
      -1538.462       -1173.077
