              0               0               0               0
   9.406967e-06     0.002708392      -0.8095155       -44.36899
  -9.981984e-06     0.003715626       0.5867877        -60.2256
       579.5225        596.5682
   8.523301e-22   -1.673124e-19               1               0
  -1.331946e-07    -5.51524e-05      0.02996687       -57.33423
  -1.291901e-07    0.0001136011     -0.02125862       -49.19323
              0        307.6923
              0               0               0        307.6923
   4.918646e-06        0.002779       -0.808253       -44.32298
   -1.41351e-05     0.003763876       0.5886413       -59.74721
      -101.8245       -84.85376
   8.523301e-22   -1.673124e-19               1               0
  -1.305917e-07   -6.117459e-05       0.0313362       -44.36899
   -2.56692e-07    0.0001335505      -0.0152355        -60.2256
              0        307.6923
