              0               0               0               0
  -4.151273e-06     0.003514037       0.5925729       -68.37432
  -1.369854e-05    -0.002601544       0.8055319        90.99084
       68.17649        85.22061
   8.523301e-22   -1.673124e-19               1               0
   2.928646e-08    2.034182e-05    -0.009278415       -57.27415
   3.144229e-07   -1.615247e-06     -0.03022336        103.8968
              0        307.6923
              0               0               0        307.6923
   8.973432e-06     0.003284553       0.5913261       -68.37303
  -2.839744e-05    -0.002379328       0.8076681        90.72318
       67.87111        84.83889
   8.523301e-22   -1.673124e-19               1               0
   9.314971e-08   -1.316039e-05    -0.004765373       -68.37432
   3.125544e-07    1.496945e-05     -0.03506683        90.99084
              0        307.6923
