              0               0               0        1538.462
    1.14622e-06     1.65566e-05      -0.9980771        171.9158
   7.335147e-06    0.0003930023       0.0642593        -75.6865
      -403.8896       -367.1724
  -3.610124e-25    4.927898e-22               1        1538.462
   1.748061e-09   -1.560747e-05      0.01107094        135.3482
  -2.490375e-09   -1.309264e-05      0.04817517       -72.43415
       1538.462        2115.385
              0               0               0        2115.385
   1.967653e-07   -3.795448e-05      -0.9978895        170.5451
   8.288701e-06     0.000443771     -0.06669987       -48.05014
      -370.7494       -337.0449
  -3.610124e-25    4.927898e-22               1        1538.462
   2.265454e-09   -1.677749e-05     0.006549434        171.9158
  -1.015805e-09   -2.020092e-05      0.05989549        -75.6865
       1538.462        2115.385
