              0               0               0        1538.462
  -1.064254e-09   -3.405723e-06      -0.9978479        355.2039
  -9.721893e-08   -4.703672e-05       0.0654581       -86.10796
      -587.4758       -550.7586
  -3.610124e-25    4.927898e-22               1        1538.462
   3.583715e-09   -1.989863e-05     -0.01327205         318.561
   5.459105e-09   -4.870194e-05       0.1060311       -83.77274
       1538.462        2115.385
              0               0               0        2115.385
   3.022289e-08    2.211455e-06      -0.9978209        338.5965
  -3.602495e-07   -3.840469e-05     -0.06589315       -35.48434
      -539.2718       -505.5673
  -3.610124e-25    4.927898e-22               1        1538.462
   3.608511e-09    -2.03418e-05     -0.01825148        355.2039
   7.681518e-09    -5.64376e-05        0.117751       -86.10796
       1538.462        2115.385
