              0               0               0        711.5385
   5.058327e-05     0.002312925       0.2737981       -90.69414
  -1.181237e-05    -0.001274549       0.9688533        42.81316
       16.85054        33.70108
  -5.749011e-22    2.093553e-19               1        711.5385
  -5.700818e-07    4.434538e-05     -0.04007953       -85.18174
   1.857474e-06    0.0001500637      -0.1447711        58.72045
       711.5385        865.3846
              0               0               0        865.3846
   0.0002132039     -0.00915413         0.97629        -109.594
   0.0001138767    -0.006689769       0.5645257        37.41328
        19.5953        39.19061
  -5.749011e-22    2.093553e-19               1        711.5385
   7.104182e-07   -0.0003245202     -0.08973747       -90.69414
   6.228798e-07    0.0004605603      -0.1206973        42.81316
       711.5385        865.3846
