              0               0               0       -557.6923
  -3.898555e-06     0.004532931       0.3139112       -70.92617
  -1.601207e-05    -0.001442535       0.9487446        79.36035
       71.38679        89.23349
   8.804966e-23   -1.624172e-20               1       -557.6923
  -9.408614e-07    0.0005339766     -0.05329287       -63.90229
  -1.000769e-06    0.0005141696     -0.02642647        95.74184
      -557.6923       -307.6923
              0               0               0       -307.6923
  -1.034575e-05     0.003883031       0.5764866       -69.62257
  -1.065342e-05    -0.002746324       0.8173471        92.38317
       69.13068        86.41335
   8.804966e-23   -1.624172e-20               1       -557.6923
  -4.377835e-07    0.0002686419     -0.03458463       -70.92617
  -1.456053e-06    0.0007643191     -0.04798517        79.36035
      -557.6923       -307.6923
