              0               0               0       -3269.231
  -6.718203e-08   -5.591145e-06      -0.9835488       -136.4645
  -5.038309e-07   -2.193643e-05       0.1805074       -16.54964
       879.9052        907.3791
   5.379818e-28   -1.960258e-25               1       -3269.231
  -1.086459e-09   -7.422397e-07     -0.03138196       -163.4921
   8.422745e-09   -2.971823e-05    -0.004569567       -11.61741
      -3269.231       -2692.308
              0               0               0       -2692.308
  -2.728591e-08   -4.314345e-06      -0.9889341        -151.901
  -3.202698e-07   -1.913242e-05       0.1481847        -27.0182
       976.4407        1006.925
   5.379818e-28   -1.960258e-25               1       -3269.231
  -6.151486e-10   -3.109504e-07     -0.02637247       -136.4645
   9.039768e-09   -2.803478e-05    -0.004980388       -16.54964
      -3269.231       -2692.308
