              0               0               0        3846.154
   1.434449e-07   -3.594535e-05      -0.9817245        209.7401
  -5.502224e-07    0.0001822207      -0.1902754       -9.161538
      -347.0369       -322.2485
  -1.362311e-27    2.357846e-24               1        3846.154
   5.450613e-09   -7.811513e-06     -0.03364095        185.3849
  -3.761693e-08    5.084707e-05     0.008951454       -13.77456
       3846.154        4423.077
              0               0               0        4423.077
  -1.757475e-07    2.504271e-05      -0.9788462        185.6039
   8.255752e-07   -0.0001192931       -0.204587        5.566896
      -303.0789       -281.4304
  -1.362311e-27    2.357846e-24               1        3846.154
   6.100938e-09   -8.672468e-06     -0.03886341        209.7401
  -3.817976e-08    5.147054e-05     0.008542504       -9.161538
       3846.154        4423.077
