              0               0               0               0
  -1.468047e-05     0.002165191       0.8905011       -29.79633
    -5.3437e-06     -0.00417294       0.4554215        123.8424
       119.3089         136.353
   8.523301e-22   -1.673124e-19               1               0
  -1.324049e-07    8.905501e-05     -0.01561198       -14.06222
   3.871711e-07   -7.757481e-05     -0.01431457        130.3659
              0        307.6923
              0               0               0        307.6923
  -2.182831e-05     0.002439027       0.8886416       -29.96555
   1.012872e-05    -0.004635682       0.4568447        123.4291
       118.7744        135.7422
   8.523301e-22   -1.673124e-19               1               0
  -8.503301e-08    7.232447e-05     -0.01475318       -29.79633
   3.534847e-07   -4.992179e-05     -0.01944846        123.8424
              0        307.6923
