              0               0               0        2692.308
    3.18865e-08    6.894553e-06      -0.9914493        313.1362
  -1.843377e-07    -5.51669e-05      -0.1304449       -10.88493
      -490.9735       -460.2876
  -2.588391e-26    3.536769e-23               1        2692.308
    4.73609e-09   -3.347061e-06     -0.04248616        282.7201
  -2.286474e-08   -3.325367e-06      0.03072284       -14.94502
       2692.308        3269.231
              0               0               0        3269.231
   3.221407e-08    1.081702e-05       -0.986546        285.3019
  -1.311785e-07   -6.807953e-05       -0.163439        1.861083
      -442.8637       -415.1847
  -2.588391e-26    3.536769e-23               1        2692.308
   4.645239e-09    -3.06808e-06     -0.04802214        313.1362
  -2.074972e-08   -5.556589e-06      0.03220516       -10.88493
       2692.308        3269.231
