              0               0               0        1019.231
   -3.15799e-06     0.000303911       0.9871354        -52.6866
  -2.379666e-06   -0.0008804753       0.1424515        79.15794
       106.2373        132.7966
  -3.664376e-23    1.457923e-20               1        1019.231
  -1.296712e-06    0.0002987816      0.08015809       -26.31374
   4.312014e-08   -0.0002717254       0.1523257        82.27568
       1019.231        1173.077
              0               0               0        1173.077
  -2.157213e-06    0.0001327757       0.9973838       -45.29078
   -2.28088e-06   -0.0006645839    -0.005498125        100.4622
       134.7159        168.3948
  -3.664376e-23    1.457923e-20               1        1019.231
  -9.995126e-07    0.0002770446      0.02910769        -52.6866
  -4.336742e-07   -0.0001525103       0.1722052        79.15794
       1019.231        1173.077
