              0               0               0       -1173.077
  -1.333659e-06    0.0004489375       0.9411404       -60.29883
   6.950301e-07    -0.001260152       0.3380641        80.58482
       430.4476        466.3182
    7.61619e-25   -4.849574e-23               1       -1173.077
  -2.766494e-06    0.0007187014       0.1587168       -26.02344
  -1.916498e-06    7.977267e-05     0.003469264        91.12203
      -1173.077       -1019.231
              0               0               0       -1019.231
  -1.845838e-06     0.000294076       0.9837874       -22.72199
   2.013783e-06    -0.001664647       0.1793669        82.77507
       339.8243        368.1429
    7.61619e-25   -4.849574e-23               1       -1173.077
  -3.053414e-06    0.0008311492       0.1886505       -60.29883
  -2.658309e-06    0.0002614585      0.03693079        80.58482
      -1173.077       -1019.231
