              0               0               0       -1173.077
   1.578269e-06   -0.0002169604      -0.9824344       -84.24641
  -6.905228e-06     0.001172935      -0.1853414       -76.23526
       1075.477        1111.283
    7.61619e-25   -4.849574e-23               1       -1173.077
  -1.113311e-06    0.0004699095       0.1488475       -119.6296
  -2.480582e-06    0.0009929284       0.1994112       -81.68486
      -1173.077       -1019.231
              0               0               0       -1019.231
   7.188628e-07   -3.168346e-05      -0.9994417       -61.39975
   -1.24032e-05     0.001575896     -0.02421664       -36.83213
        849.061        877.3297
    7.61619e-25   -4.849574e-23               1       -1173.077
  -7.752369e-07    0.0003360806       0.1151474       -84.24641
  -1.926115e-06    0.0008387537       0.1726698       -76.23526
      -1173.077       -1019.231
