              0               0               0        307.6923
   1.120651e-06    -0.004515898     -0.02172963        128.2264
   1.431148e-05    8.316841e-05       -1.000092        27.35486
       -339.415       -322.4443
  -1.867855e-21    6.194539e-19               1        307.6923
   9.040557e-07   -0.0002589556     -0.04442172        126.5625
  -2.086966e-06    0.0004881535      0.07681989        10.47645
       307.6923        557.6923
              0               0               0        557.6923
  -0.0001346536       0.0110693      -0.2281985        114.6261
  -4.712321e-06    0.0003220343       -1.001573         47.2465
      -394.4484        -374.726
  -1.867855e-21    6.194539e-19               1        307.6923
   8.563734e-07    -0.000259064     -0.04315826        128.2264
  -2.263533e-06    0.0005408446       0.0858262        27.35486
       307.6923        557.6923
