              0               0               0        3269.231
  -2.733717e-06    0.0003698784       0.9696064       -40.91477
  -1.963862e-06    -0.000832889       0.2337657        72.64469
       110.8802        138.6002
   6.811555e-27   -9.431384e-24               1        3269.231
  -2.792671e-09    3.020221e-06     0.004738811       -13.81126
   4.129495e-09   -2.283023e-06     -0.01202201        78.44286
       3269.231        3846.154
              0               0               0        3846.154
  -3.655937e-06    0.0004274296       0.9649018         -34.632
  -9.226681e-07   -0.0008987839       0.2521039        65.87861
       98.73838         123.423
   6.811555e-27   -9.431384e-24               1        3269.231
  -2.932253e-09    3.030329e-06      0.01011784       -40.91477
   4.161337e-09   -1.765223e-06     -0.01209453        72.64469
       3269.231        3846.154
