              0               0               0        2692.308
    8.80156e-08    0.0001075591       0.9892908       -15.54667
  -2.616601e-06   -0.0009417032       0.1507102        85.16918
       153.6966         184.436
  -2.588391e-26    3.536769e-23               1        2692.308
  -1.784768e-10    3.235055e-06    -0.004215362        14.96765
  -1.908997e-09    8.703995e-07     -0.01054924        88.83609
       2692.308        3269.231
              0               0               0        3269.231
   4.060132e-07    0.0001425422       0.9838108       -13.81126
  -3.698286e-06    -0.000996204       0.1830631        78.44286
       138.6002        166.3202
  -2.588391e-26    3.536769e-23               1        2692.308
   3.510228e-11    2.959467e-06     0.001288991       -15.54667
  -2.866455e-09    2.678149e-06     -0.01224997        85.16918
       2692.308        3269.231
