              0               0               0        4423.077
   0.0009896959    -0.008025172       -1.015824       -90.66651
  -0.0001882471     0.009840271       0.5269193        11.20882
      -21.64849               0
  -1.362311e-27    6.195073e-40               1        4423.077
   1.202184e-11    2.329678e-08      0.03034256       -106.3774
   9.444445e-11    9.604189e-07    -0.002671243        25.31764
       4423.077            5000
              0               0               0            5000
    0.001331193    -0.009308958       -1.021835       -75.20208
  -0.0002338968      0.01134076       0.5114462        12.15539
       -18.6401               0
  -1.362311e-27    6.195073e-40               1        4423.077
  -1.127996e-09   -6.249343e-07      0.02754099       -90.66651
   -1.75762e-09     2.88273e-07     0.002059424        11.20882
       4423.077            5000
