              0               0               0       -557.6923
   1.938959e-06     0.004353377      -0.4730429        -64.1401
  -1.574274e-05     0.002320085       0.8814069        -41.7442
       654.3129        671.8058
   8.804966e-23   -1.624172e-20               1       -557.6923
   1.531832e-06   -0.0007953402      0.04916719       -71.07247
  -2.134584e-06     0.001135731     -0.07462726       -25.70017
      -557.6923       -307.6923
              0               0               0       -307.6923
  -1.730615e-05     0.004641063       -0.438015       -78.28214
  -1.997858e-05     0.002198924       0.8981531       -22.80041
       639.4156        656.6958
   8.804966e-23   -1.624172e-20               1       -557.6923
   1.476974e-06   -0.0007581638      0.04066191        -64.1401
  -2.189814e-06     0.001167628     -0.07926844        -41.7442
      -557.6923       -307.6923
