              0               0               0               0
  -1.003872e-06     0.004375311      -0.1636017       -88.10736
  -1.403627e-05    0.0007245522       0.9866506        10.40996
       664.7511        681.7968
   8.523301e-22   -1.673124e-19               1               0
   2.681167e-07   -0.0001235272      0.01272094       -89.62976
   4.402592e-07     9.99837e-06     -0.04470707        27.36913
              0        307.6923
              0               0               0        307.6923
   3.465371e-05     0.004218308      -0.1716317       -88.07166
  -1.494023e-05     0.000788535       0.9859953        10.49757
      -16.97075               0
   8.523301e-22   -1.673124e-19               1               0
   2.527674e-07   -0.0001225392      0.01388977       -88.10736
   3.547332e-07    2.450777e-05     -0.04084034        10.40996
              0        307.6923
