              0               0               0       -1538.462
   8.927644e-07    0.0003866843       0.9014737       -129.2035
  -4.221034e-06   -0.0007831794       0.4328767        61.16852
       365.9648        402.5612
  -5.358563e-26    1.024235e-23               1       -1538.462
   9.669911e-07   -0.0001343876     -0.07388614       -95.65109
   5.090628e-07   -0.0001053478     -0.05385321        75.75448
      -1538.462       -1173.077
              0               0               0       -1173.077
   1.344165e-06    0.0004483896       0.8664074       -125.1362
   -4.48621e-06   -0.0007573496       0.4994009        50.11311
       358.7063         394.577
  -5.358563e-26    1.024235e-23               1       -1538.462
   1.040649e-06   -0.0001385599     -0.07717366       -129.2035
   7.209431e-07   -0.0001399948     -0.07535513        61.16852
      -1538.462       -1173.077
