              0               0               0       -865.3846
   3.123985e-07   -3.389341e-05        -0.98242       -117.0213
   1.620213e-06   -0.0001788593       0.1865704        3.275485
        726.458        747.8081
   1.194898e-23   -1.163587e-21               1       -865.3846
  -3.571268e-06    0.0004542726       0.4562204       -138.0085
   6.103182e-06     -0.00241073     -0.03217718        7.193018
      -865.3846       -711.5385
              0               0               0       -711.5385
   2.331761e-06      0.00156382       -0.882322       -55.74558
  -9.248981e-06     0.002955107       0.4705949       -41.25915
       568.4881        585.2358
   1.194898e-23   -1.163587e-21               1       -865.3846
  -2.959256e-06     0.000403022       0.4063307       -117.0213
   6.689276e-06     -0.00254817       -0.055775        3.275485
      -865.3846       -711.5385
