              0               0               0        1019.231
   3.829588e-05   -0.0001957506      -0.9451423       -87.88405
  -1.081803e-05     0.001322563       0.3558268        4.965528
      -79.54859       -53.03239
  -3.664376e-23    1.457923e-20               1        1019.231
   7.503944e-07   -1.757035e-05       -0.145806       -112.3693
  -1.320876e-06      0.00022564       0.1023572        15.12892
       1019.231        1173.077
              0               0               0        1173.077
   2.157312e-05    4.922396e-05      -0.8795917       -103.7799
  -1.028973e-05     0.001095391       0.4953802        13.89988
      -100.8901       -67.26004
  -3.664376e-23    1.457923e-20               1        1019.231
   6.279878e-07   -1.658111e-05      -0.1156359       -87.88405
  -9.063708e-07    0.0001726874      0.05295855        4.965528
       1019.231        1173.077
