              0               0               0           -5000
  -4.928154e-06   -6.355189e-05      -0.9712728        -212.448
  -2.173212e-05   -0.0002936723       0.2377533        30.92075
       719.6233        738.0616
   2.831483e-29   -4.900644e-26               1           -5000
  -5.969929e-10    1.081825e-06     -0.07126527       -230.4092
  -5.806075e-10   -1.307699e-06    -0.003671153        35.06845
          -5000       -4423.077
              0               0               0       -4423.077
  -3.258543e-06   -4.909078e-05      -0.9745411       -250.3289
  -1.542133e-05   -0.0002475119       0.2238871        27.86925
       837.0261        858.4666
   2.831483e-29   -4.900644e-26               1           -5000
   1.711013e-09   -3.659942e-06     -0.06411817        -212.448
   1.005926e-08    -2.32694e-05     0.004787251        30.92075
          -5000       -4423.077
