              0               0               0               0
   9.543269e-06    -0.001999458      -0.8908348        68.66949
   9.861732e-06     0.003955842      -0.4538777       -69.13481
       460.2025        477.2482
   8.523301e-22   -1.673124e-19               1               0
   3.526019e-07   -0.0001662916      0.01659047        52.95088
  -3.277093e-07    6.935612e-05      0.01175163       -75.67324
              0        307.6923
              0               0               0        307.6923
   1.919134e-06    -0.001751672      -0.8910776        68.20094
   3.049416e-05     0.003380594      -0.4540419       -68.45472
      -220.6198        -203.649
   8.523301e-22   -1.673124e-19               1               0
   3.974349e-07   -0.0001669541      0.01222073        68.66949
  -1.870883e-07    2.375518e-05      0.01261349       -69.13481
              0        307.6923
