              0               0               0       -1173.077
  -6.950841e-07   -0.0001941519      -0.9484632       -15.12738
   3.679974e-06    0.0005714399      -0.3170321       -57.73295
       1003.864         1039.67
    7.61619e-25   -4.849574e-23               1       -1173.077
  -4.810696e-07    0.0002140792      0.08354895       -49.36928
  -1.378393e-06    0.0006783712       0.1440714       -68.18316
      -1173.077       -1019.231
              0               0               0       -1019.231
  -1.056675e-07   -0.0001287108      -0.9871239        -5.19039
   5.296838e-06    0.0007770012      -0.1600566       -31.19736
       792.5235        820.7922
    7.61619e-25   -4.849574e-23               1       -1173.077
  -2.277869e-07    0.0001035112      0.05405706       -15.12738
  -8.305682e-07     0.000511263       0.1134839       -57.73295
      -1173.077       -1019.231
