              0               0               0       -865.3846
  -4.092799e-06    0.0003318322        0.990714       -12.47608
  -6.152781e-07     -0.00229103       0.1352475        70.19254
       235.1562        256.5341
   1.194898e-23   -1.163587e-21               1       -865.3846
   -5.09816e-06    0.0007157628       0.2487543        8.814908
   -5.22929e-06     0.001960905      0.08177027         72.0308
      -865.3846       -711.5385
              0               0               0       -711.5385
  -9.516089e-06   -0.0004385421        0.994362        29.02168
   1.095576e-06    -0.003892431       -0.107915        114.8641
       183.7108        200.4118
   1.194898e-23   -1.163587e-21               1       -865.3846
  -5.598016e-06    0.0007263447       0.2904875       -12.47608
  -5.946576e-06     0.002062451       0.1138123        70.19254
      -865.3846       -711.5385
