              0               0               0        2692.308
   2.218856e-08    9.829944e-06      -0.9909361        282.7201
  -1.273608e-07   -7.213657e-05      -0.1343514       -14.94502
      -460.2876       -429.6018
  -2.588391e-26    3.536769e-23               1        2692.308
   4.597967e-09    -3.53679e-06     -0.03692103        252.3223
  -2.382201e-08   -1.580169e-06      0.02915642       -19.13931
       2692.308        3269.231
              0               0               0        3269.231
   3.764133e-08    1.349197e-05      -0.9858732        258.0043
  -1.864311e-07    -7.89722e-05      -0.1675092       -2.717681
      -415.1847       -387.5057
  -2.588391e-26    3.536769e-23               1        2692.308
    4.73609e-09   -3.347061e-06     -0.04248616        282.7201
  -2.286474e-08   -3.325367e-06      0.03072284       -14.94502
       2692.308        3269.231
