              0               0               0        557.6923
  -2.054136e-05   -0.0006752355       0.9913304        30.86624
  -4.609394e-07    -0.005241944       -0.132556        147.9386
       174.7475        190.6337
   2.146718e-21   -7.814377e-19               1        557.6923
   1.888672e-06     0.000139322     -0.01134582        46.36189
  -2.095507e-06   -0.0005449373    -0.003693318        144.5081
       557.6923        711.5385
              0               0               0        711.5385
  -1.059886e-05   -0.0005655576       0.9895643        38.32782
  -2.784503e-06    -0.003785861      -0.1445155        126.9349
        185.356        202.2065
   2.146718e-21   -7.814377e-19               1        557.6923
    1.94645e-06    9.840645e-05     -0.01270901        30.86624
  -2.134851e-06    -0.000529074    -0.004598834        147.9386
       557.6923        711.5385
