              0               0               0        307.6923
   2.946082e-06     -0.00430212       0.4653912        115.6169
   1.833562e-05    -0.002307923      -0.8842417        76.20657
       288.4522          305.42
  -1.867855e-21    6.194539e-19               1        307.6923
   8.846497e-07   -0.0002498776     -0.04258556        122.2893
  -1.715149e-06    0.0004450158      0.06767594        60.62806
       307.6923        557.6923
              0               0               0        557.6923
  -7.206767e-06    -0.004327792       0.4286735        104.1594
   1.524713e-05    -0.002080077      -0.9036119        93.38005
       270.0643        285.9505
  -1.867855e-21    6.194539e-19               1        307.6923
   8.218096e-07   -0.0002314488     -0.03933095        115.6169
  -1.526272e-06    0.0004116406      0.06117574        76.20657
       307.6923        557.6923
