              0               0               0       -4423.077
   4.428621e-07   -1.789899e-05      -0.9804414       -187.4028
   2.278809e-06     -9.0332e-05       0.1967975        14.57173
       772.7044        794.1449
   2.831483e-29     1.28761e-41               1       -4423.077
   3.874293e-09   -1.328599e-06     -0.05735646       -208.4279
   2.259286e-08   -9.875149e-06     -0.01986778        18.77211
      -4423.077       -3846.154
              0               0               0       -3846.154
  -5.510613e-07    6.178547e-05      -0.9780325       -217.2294
  -1.865452e-06    0.0002766016       0.2082336        3.108982
       882.6649        907.2205
   2.831483e-29     1.28761e-41               1       -4423.077
   4.186099e-09   -1.377248e-06     -0.05229814       -187.4028
   2.615642e-08   -1.093715e-05     -0.02226477        14.57173
      -4423.077       -3846.154
