              0               0               0        1173.077
    9.56004e-07   -1.262688e-05       0.8671073         208.841
    1.70389e-06   -2.340572e-05      -0.4981128        24.37666
       404.1476        437.8266
   2.578164e-24   -2.333275e-21               1        1173.077
   8.075213e-07   -0.0008879809       0.2929313        238.0665
  -7.547017e-07    0.0007758403      -0.1849808        7.639276
       1173.077        1538.462
              0               0               0        1538.462
   5.461899e-07   -8.266254e-07       0.8737263        233.7774
   9.854569e-07   -1.395794e-06      -0.4864226        24.65834
       441.3737        478.1549
   2.578164e-24   -2.333275e-21               1        1173.077
   7.646875e-07   -0.0008367099       0.2718775         208.841
  -6.242628e-07     0.000638392      -0.1491449        24.37666
       1173.077        1538.462
