              0               0               0        2115.385
    -5.3207e-06    0.0003857015      -0.9502521       -61.84757
   2.499181e-06    0.0007641071       0.3027893       -16.08078
       -134.818       -101.1135
   9.672408e-26   -1.320394e-22               1        2115.385
   4.318006e-10   -2.692945e-06      0.02267285        -93.6409
  -3.715299e-09    1.295975e-05      -0.0127645       -4.911708
       2115.385        2692.308
              0               0               0        2692.308
  -6.372238e-06     0.000362954      -0.9681214       -51.82383
   3.198487e-06    0.0008547102       0.2397156       -16.92885
      -122.7434       -92.05753
   9.672408e-26   -1.320394e-22               1        2115.385
   1.450154e-09   -4.849407e-06      0.01968954       -61.84757
  -2.132839e-09    8.977132e-06    -0.005939214       -16.08078
       2115.385        2692.308
