              0               0               0       -1538.462
   1.901468e-05    -0.002077188      -0.8162949         176.904
   7.532941e-06    0.0001365503       -0.513287        25.50287
       805.0195        841.5645
  -5.358563e-26    1.024235e-23               1       -1538.462
  -3.408635e-07    3.693192e-05      0.03678366        145.2264
  -3.967015e-07    7.813791e-05       0.0518737        7.294834
      -1538.462       -1173.077
              0               0               0       -1173.077
    1.87585e-05    -0.002102226       -0.776106        176.5932
   1.016271e-05   -6.977904e-05      -0.5718871         37.4292
       789.0255        824.8319
  -5.358563e-26    1.024235e-23               1       -1538.462
  -4.001866e-07    3.904923e-05      0.03830881         176.904
  -5.862879e-07    0.0001073825       0.0716775        25.50287
      -1538.462       -1173.077
