              0               0               0               0
  -1.460168e-05    -0.002027619       0.8914337        68.74162
   4.393882e-06    -0.004022783      -0.4538366        123.9459
       221.5736        238.6177
   8.523301e-22   -1.673124e-19               1               0
  -2.765366e-07    9.725464e-05    -0.006028199          83.274
   6.062722e-07   -0.0001976257    0.0009825101        115.0638
              0        307.6923
              0               0               0        307.6923
  -1.163834e-05    -0.001919261       0.8892556        68.09175
  -6.690793e-08    -0.003654718      -0.4566175        123.1174
       220.5811        237.5489
   8.523301e-22   -1.673124e-19               1               0
   -2.58475e-07    0.0001003449    -0.008516429        68.74162
    5.83199e-07   -0.0001877095   -0.0001500044        123.9459
              0        307.6923
