              0               0               0       -2692.308
    2.88051e-06   -0.0003592455      -0.9687935        89.93303
  -1.317103e-06    0.0008414155      -0.2369249       -16.84282
        732.567        763.0512
  -2.010353e-27    7.350966e-25               1       -2692.308
  -1.806923e-09    3.756814e-06      0.01129788        60.14788
   5.046188e-10    3.518631e-06    -0.005851652       -23.32069
      -2692.308       -2115.385
              0               0               0       -2115.385
    2.44674e-06   -0.0003746514      -0.9522601        99.79892
  -9.794741e-07     0.000753646      -0.2966415       -16.29996
       805.0957        838.5961
  -2.010353e-27    7.350966e-25               1       -2692.308
  -4.049385e-09    3.983955e-06      0.01615023        89.93303
  -2.614139e-09    6.345523e-06    -0.001849826       -16.84282
      -2692.308       -2115.385
