              0               0               0               0
  -1.061724e-05    -0.001484735       0.9512987        53.01146
   9.959273e-06    -0.004532024      -0.3080275        130.4632
       204.5295        221.5736
   8.523301e-22   -1.673124e-19               1               0
   -2.58475e-07    0.0001003449    -0.008516429        68.74162
    5.83199e-07   -0.0001877095   -0.0001500044        123.9459
              0        307.6923
              0               0               0        307.6923
  -6.174654e-06    -0.001604951       0.9490536        52.48066
   1.998574e-05    -0.004672059      -0.3153306        129.7153
       203.6133        220.5811
   8.523301e-22   -1.673124e-19               1               0
  -2.437977e-07    0.0001039509     -0.01062856        53.01146
   5.506866e-07   -0.0001728227    -0.001390415        130.4632
              0        307.6923
