              0               0               0       -865.3846
  -1.484803e-05    0.0004721067      -0.9785702         115.243
  -3.567626e-06     0.001512982      -0.2505787        -0.93277
       491.6071        512.9571
   1.194898e-23   -1.163587e-21               1       -865.3846
  -4.660494e-07    0.0004743744     -0.01487086        94.42115
   5.142225e-06    -0.001095528      -0.1095616        -5.62771
      -865.3846       -711.5385
              0               0               0       -711.5385
   2.076437e-05    -0.003093612      -0.6920826        114.0251
  -1.535749e-05     0.003274395      -0.7244595       -18.40168
       384.2628        401.0106
   1.194898e-23   -1.163587e-21               1       -865.3846
   -2.69619e-07    0.0003798748     -0.05997728         115.243
   4.054314e-06   -0.0006914822      -0.1031261        -0.93277
      -865.3846       -711.5385
