              0               0               0       -711.5385
   2.360272e-05    -0.004279489      -0.5685997        124.6373
     2.4016e-05     0.002067753      -0.8139284       -5.463005
       367.5151        384.2628
  -4.461828e-23    4.351327e-21               1       -711.5385
  -1.259795e-06    0.0002554352      0.03776272        114.0251
  -4.142725e-06      0.00117974     -0.02800958       -18.40168
      -711.5385       -557.6923
              0               0               0       -557.6923
   3.749404e-05    -0.006037065     -0.04445037        123.7174
   1.632529e-05    0.0001777288      -0.9978092        7.439753
       391.9197        409.4126
  -4.461828e-23    4.351327e-21               1       -711.5385
   -6.78693e-07    0.0002767752     -0.03249638        124.6373
  -4.008352e-06     0.001012008      0.02304662       -5.463005
      -711.5385       -557.6923
