              0               0               0        1019.231
   7.324099e-07    0.0001609624       0.9545273        254.3924
   3.357551e-06    0.0005151345      -0.2980877         13.8151
       424.9492        451.5085
  -3.664376e-23    1.457923e-20               1        1019.231
  -2.297915e-06    -6.82901e-05       0.5701022        279.8713
   5.540147e-06    -0.001244161      -0.3343275        6.324366
       1019.231        1173.077
              0               0               0        1173.077
   1.051171e-06    0.0001767769       0.8977653         327.119
   2.688772e-06     0.000356332      -0.4405598       -40.05401
       538.8635        572.5424
  -3.664376e-23    1.457923e-20               1        1019.231
  -2.147898e-06   -6.839795e-05       0.5340836        254.3924
   5.150766e-06     -0.00119529        -0.28817         13.8151
       1019.231        1173.077
