              0               0               0           -5000
   1.582998e-06   -0.0003594014       0.9857996        24.86079
    8.57355e-06     -0.00192238      -0.1669387        63.98147
       258.5068        276.9715
   2.831483e-29   -4.900644e-26               1           -5000
   8.320934e-10   -2.175652e-06     0.006848593        42.95078
   2.984443e-09   -5.954131e-06      0.01242893        60.29753
          -5000       -4423.077
              0               0               0       -4423.077
    7.26991e-07   -0.0002811834       0.9880953        25.23307
   5.776556e-06    -0.001676179      -0.1526176        70.05433
       300.7587        322.2415
   2.831483e-29   -4.900644e-26               1           -5000
   6.331191e-10   -1.797715e-06     0.001471701        24.86079
   2.260005e-09    -4.64119e-06      0.01245167        63.98147
          -5000       -4423.077
