              0               0               0        4423.077
   1.232451e-06   -8.648718e-05        0.972217        120.8924
   4.629762e-06   -0.0003316092      -0.2343717        63.87026
       238.4997        260.1815
  -1.362311e-27    6.195073e-40               1        4423.077
   1.000137e-09    5.158419e-07     -0.03083111        141.9437
   2.057757e-09   -2.059618e-07    -0.005601327        58.67996
       4423.077            5000
              0               0               0            5000
   1.645692e-06   -9.981496e-05        0.975462        106.3354
   6.845926e-06   -0.0004192846      -0.2203482        59.98982
       205.3369        224.0039
  -1.362311e-27    6.195073e-40               1        4423.077
   1.141529e-09    6.038267e-07     -0.02596042        120.8924
   2.335901e-09    4.042908e-08    -0.007526902        63.87026
       4423.077            5000
