              0               0               0       -557.6923
  -6.439977e-06    -0.004203285       0.4800445        111.0621
   1.349291e-05    -0.002292476       -0.877418        93.78288
       303.3939        321.2406
   8.804966e-23   -1.624172e-20               1       -557.6923
  -5.970046e-07    0.0002948532     -0.01614123         118.254
   1.968249e-06     -0.00101943      0.06784426         77.4704
      -557.6923       -307.6923
              0               0               0       -307.6923
   7.328495e-07    -0.004254443       0.4450589         116.894
   1.367684e-05    -0.002077288      -0.8949391        77.48779
       293.8054        311.0881
   8.804966e-23   -1.624172e-20               1       -557.6923
  -6.159345e-07    0.0002990969     -0.01295098        111.0621
    2.04235e-06    -0.001066121      0.07370301        93.78288
      -557.6923       -307.6923
