              0               0               0        711.5385
  -1.449614e-05    0.0006749081       0.9896728        4.741792
   1.094531e-06     -0.00445226       0.1424826        127.0953
       151.6549        168.5054
  -5.749011e-22    2.093553e-19               1        711.5385
  -2.262708e-06    0.0009899218       0.1467778        21.54059
    7.73141e-06    -0.001465059      -0.3099424        128.2373
       711.5385        865.3846
              0               0               0        865.3846
  -3.113836e-06    -0.000180684       0.9968378         39.8721
   6.317008e-07    -0.002214961     -0.07790341        76.40281
       176.3577         195.953
  -5.749011e-22    2.093553e-19               1        711.5385
  -2.489544e-06    0.0009788962       0.1366717        4.741792
   7.555471e-06    -0.001375787      -0.2966696        127.0953
       711.5385        865.3846
