              0               0               0        4423.077
   -2.25482e-06    0.0002925239       0.9880261        13.50722
  -4.553814e-06     -0.00170782       0.1526562        70.46386
       130.0907        151.7725
  -1.362311e-27    6.195073e-40               1        4423.077
   1.123217e-09     6.76436e-07    -0.005473446        35.04392
  -1.701346e-09   -7.670422e-07    -0.009729181        72.92446
       4423.077            5000
              0               0               0            5000
  -2.292917e-06    0.0003305939        0.986194        13.81744
  -6.644213e-06    -0.001870993       0.1639226         64.3647
       112.0019        130.6689
  -1.362311e-27    6.195073e-40               1        4423.077
   1.295368e-09     7.21987e-07   -0.0003099649        13.50722
  -2.677332e-09   -9.413554e-07    -0.009137654        70.46386
       4423.077            5000
