              0               0               0       -2692.308
   2.518954e-07   -6.953056e-05      -0.9946316      -0.1447675
  -3.079718e-07    0.0007095746      -0.1037781       -32.24779
       824.0197        854.5039
  -2.010353e-27    7.350966e-25               1       -2692.308
   5.668743e-09    2.329062e-06    -0.004226959       -30.52281
   9.250803e-09   -4.455225e-06     -0.01682297       -34.76071
      -2692.308       -2115.385
              0               0               0       -2115.385
   2.602436e-07   -0.0001062785       -0.986177        2.049118
  -3.389654e-07    0.0006517683      -0.1658038       -39.33701
       905.5969        939.0973
  -2.010353e-27    7.350966e-25               1       -2692.308
    3.06258e-09    2.926052e-06     0.001095277      -0.1447675
   6.448439e-09   -1.956689e-06     -0.01330541       -32.24779
      -2692.308       -2115.385
