              0               0               0        307.6923
  -6.174654e-06    -0.001604951       0.9490536        52.48066
   1.998574e-05    -0.004672059      -0.3153306        129.7153
       203.6133        220.5811
  -1.867855e-21    6.194539e-19               1        307.6923
   4.250115e-07   -0.0001382474     -0.02017872        68.09175
  -1.218711e-06     0.000350628      0.04997876        123.1174
       307.6923        557.6923
              0               0               0        557.6923
  -1.435128e-05    -0.001654204       0.9543246        46.36189
   1.534445e-05    -0.005263912      -0.2994535        144.5081
       190.6337        206.5198
  -1.867855e-21    6.194539e-19               1        307.6923
   3.472201e-07   -0.0001210931     -0.01590306        52.48066
  -1.173921e-06    0.0003355034      0.04866517        129.7153
       307.6923        557.6923
