              0               0               0       -557.6923
   0.0001838317     -0.01345155       0.2463328       -76.70203
   1.442024e-06   -5.902656e-05       0.9974348        8.685554
              0         17.8467
   8.804966e-23   -1.624172e-20               1       -557.6923
    1.56109e-06    -0.000813791      0.05440098       -75.54524
  -2.150802e-06     0.001152251     -0.08122356        26.47587
      -557.6923       -307.6923
              0               0               0       -307.6923
  -2.828951e-06     0.004717039     -0.02498604        -89.3774
   -1.45786e-05    0.0001339083       0.9997086        27.33699
              0        17.28267
   8.804966e-23   -1.624172e-20               1       -557.6923
   1.759671e-06   -0.0009406726      0.07448726       -76.70203
  -2.118807e-06     0.001132196     -0.07601786        8.685554
      -557.6923       -307.6923
