              0               0               0       -1173.077
  -1.339073e-06    0.0005930378       0.9037641       -93.41868
  -1.861581e-07    -0.001240119       0.4277504        66.84539
        394.577        430.4476
    7.61619e-25   -4.849574e-23               1       -1173.077
  -3.053414e-06    0.0008311492       0.1886505       -60.29883
  -2.658309e-06    0.0002614585      0.03693079        80.58482
      -1173.077       -1019.231
              0               0               0       -1019.231
  -2.385034e-06    0.0004966991       0.9613937       -50.29156
   4.620262e-07    -0.001703899       0.2747597        76.35018
       311.5056        339.8243
    7.61619e-25   -4.849574e-23               1       -1173.077
  -3.264903e-06    0.0009255834       0.2152047       -93.41868
  -3.418448e-06    0.0004526634      0.07305058        66.84539
      -1173.077       -1019.231
