              0               0               0           -5000
  -3.495452e-06    0.0001857532       -0.977713       -68.53464
  -1.523842e-05    0.0008136327       0.2101966       -1.409186
       572.1168        590.5551
   2.831483e-29   -4.900644e-26               1           -5000
   2.824417e-09   -5.548195e-06      -0.0271101       -86.52078
   2.746124e-08   -5.822406e-05      0.01462382        2.647574
          -5000       -4423.077
              0               0               0       -4423.077
  -2.256747e-06    0.0001399489      -0.9802331       -82.49087
   -9.59634e-06    0.0006073905       0.1986688       -7.465927
       665.5015        686.9421
   2.831483e-29   -4.900644e-26               1           -5000
   1.919669e-09    -3.60571e-06     -0.02274952       -68.53464
   2.470929e-08   -5.232801e-05      0.01146664       -1.409186
          -5000       -4423.077
