              0               0               0       -2692.308
  -1.943918e-07   -9.581517e-05      -0.9826656        60.14788
  -3.669273e-07    0.0007209629       -0.189297       -23.32069
       763.0512        793.5354
  -2.010353e-27    7.350966e-25               1       -2692.308
   6.056428e-10    3.384891e-06     0.006266389        30.09754
   3.391671e-09    8.043016e-07    -0.009636729       -28.43167
      -2692.308       -2115.385
              0               0               0       -2115.385
   -8.20721e-08    -0.000128751      -0.9691243        67.56933
  -6.004288e-07    0.0006552076      -0.2494444        -25.4286
       838.5961        872.0965
  -2.010353e-27    7.350966e-25               1       -2692.308
  -1.806923e-09    3.756814e-06      0.01129788        60.14788
   5.046188e-10    3.518631e-06    -0.005851652       -23.32069
      -2692.308       -2115.385
