              0               0               0       -3269.231
   1.292729e-06    3.098171e-06      -0.9865892        -271.797
   7.019447e-06    2.463097e-05       0.1633165          7.0046
       1017.275        1044.749
   5.379818e-28   -1.960258e-25               1       -3269.231
  -6.051378e-09    5.318718e-07     -0.05747464       -298.8733
  -7.645918e-09   -2.126951e-05    -0.008020245         11.6557
      -3269.231       -2692.308
              0               0               0       -2692.308
   1.036242e-06   -3.084806e-06      -0.9913383        -302.823
   6.823742e-06   -1.187406e-05       0.1315334       -5.710878
       1128.862        1159.346
   5.379818e-28   -1.960258e-25               1       -3269.231
  -4.624568e-09   -2.776535e-07     -0.05207902        -271.797
  -2.572104e-09   -2.543107e-05    -0.006512288          7.0046
      -3269.231       -2692.308
