              0               0               0       -1173.077
   0.0003149738     -0.03136901       0.2458364        220.5955
   0.0001774641     -0.01205023      -0.6401221        91.06699
       717.4126        753.2191
    7.61619e-25   -4.849574e-23               1       -1173.077
   1.084938e-06   -0.0004406136      -0.1096534        203.6395
   2.350441e-06   -0.0007216191      -0.1221499        60.84384
      -1173.077       -1019.231
              0               0               0       -1019.231
   0.0005451348     -0.04167446       0.1370213        197.4065
   0.0002041733    -0.008853315      -0.6736399        55.03604
       566.3738        594.6425
    7.61619e-25   -4.849574e-23               1       -1173.077
   1.047481e-06   -0.0004149324      -0.1116856        220.5955
   2.762581e-06   -0.0009023989      -0.1607571        91.06699
      -1173.077       -1019.231
