              0               0               0        2115.385
   3.022289e-08    2.211455e-06      -0.9978209        338.5965
  -3.602495e-07   -3.840469e-05     -0.06589315       -35.48434
      -539.2718       -505.5673
   9.672408e-26   -1.320394e-22               1        2115.385
   5.979415e-09   -1.369605e-05      -0.0326536        304.9692
   2.075847e-08   -3.925349e-05      0.05528756       -37.76266
       2115.385        2692.308
              0               0               0        2692.308
    3.18865e-08    6.894553e-06      -0.9914493        313.1362
  -1.843377e-07    -5.51669e-05      -0.1304449       -10.88493
      -490.9735       -460.2876
   9.672408e-26   -1.320394e-22               1        2115.385
   6.371861e-09    -1.40963e-05     -0.03811961        338.5965
    2.17164e-08   -4.314266e-05      0.06030088       -35.48434
       2115.385        2692.308
