              0               0               0       -865.3846
   3.312824e-07    0.0003105859       0.9769805       -33.50699
  -1.452324e-05    -0.001359603       0.2132902         66.3961
       213.7784        235.1562
   1.194898e-23   -1.163587e-21               1       -865.3846
  -5.598016e-06    0.0007263447       0.2904875       -12.47608
  -5.946576e-06     0.002062451       0.1138123        70.19254
      -865.3846       -711.5385
              0               0               0       -711.5385
  -1.129045e-05    0.0001271428       0.9995626        12.34513
   1.335665e-06    -0.003959352      0.02321748        115.5745
       167.0098        183.7108
   1.194898e-23   -1.163587e-21               1       -865.3846
   -6.01215e-06    0.0007250178        0.328797       -33.50699
  -6.686538e-06     0.002144481       0.1480004         66.3961
      -865.3846       -711.5385
