              0               0               0        307.6923
  -1.818774e-05   -0.0006791344       0.9878095        36.00411
   1.145399e-06    -0.004730364      -0.1557924        133.7151
       186.6456        203.6133
  -1.867855e-21    6.194539e-19               1        307.6923
   3.472201e-07   -0.0001210931     -0.01590306        52.48066
  -1.173921e-06    0.0003355034      0.04866517        129.7153
       307.6923        557.6923
              0               0               0        557.6923
  -2.054136e-05   -0.0006752355       0.9913304        30.86624
  -4.609394e-07    -0.005241944       -0.132556        147.9386
       174.7475        190.6337
  -1.867855e-21    6.194539e-19               1        307.6923
   2.681469e-07   -0.0001027037      -0.0116347        36.00411
  -1.132408e-06     0.000320232      0.04761167        133.7151
       307.6923        557.6923
