              0               0               0        2692.308
  -6.418423e-08    1.187257e-05      -0.9902701        252.3223
   4.380669e-07   -8.386108e-05      -0.1391383       -19.13931
      -429.6018        -398.916
  -2.588391e-26    3.536769e-23               1        2692.308
   4.264566e-09   -3.653035e-06     -0.03132827        221.9444
  -2.383524e-08   -1.507663e-07      0.02747752       -23.47519
       2692.308        3269.231
              0               0               0        3269.231
  -8.957056e-08    1.661759e-05      -0.9850398        230.7275
   4.931732e-07   -9.445286e-05      -0.1723095       -7.418622
      -387.5057       -359.8268
  -2.588391e-26    3.536769e-23               1        2692.308
   4.597967e-09    -3.53679e-06     -0.03692103        252.3223
  -2.382201e-08   -1.580169e-06      0.02915642       -19.13931
       2692.308        3269.231
