              0               0               0        865.3846
   4.906636e-07    -9.60187e-05      -0.9603716        194.4667
  -7.746169e-07    0.0003071862      -0.2783941        14.24203
       -333.069       -313.4767
   1.528862e-22   -5.598364e-20               1        865.3846
  -1.679098e-07   -1.890831e-05       0.5057781        175.6177
   3.315596e-06    -0.002389003       0.1219965        8.899742
       865.3846        1019.231
              0               0               0        1019.231
   5.218487e-08    8.610177e-07      -0.9976297        278.8225
  -1.061854e-06     7.68329e-06     -0.06907267        -14.9569
      -450.7754       -424.2592
   1.528862e-22   -5.598364e-20               1        865.3846
   1.944825e-08   -7.919569e-05       0.5600362        194.4667
   2.671501e-06    -0.002198912      0.08527032        14.24203
       865.3846        1019.231
