              0               0               0        3269.231
   0.0001210613    -0.007590145        1.044858       -119.6165
   5.977258e-05    -0.004831541        0.461624        46.11931
       27.72004        55.44008
   6.811555e-27   -9.431384e-24               1        3269.231
  -2.566303e-09    2.467001e-06      0.02073504       -93.90667
   2.244457e-09    7.980326e-07     -0.01104289        56.47615
       3269.231        3846.154
              0               0               0        3846.154
   0.0001558603    -0.008731053        1.045374       -104.4447
   7.057542e-05    -0.005059003       0.4618747        41.42174
        24.6846        49.36919
   6.811555e-27   -9.431384e-24               1        3269.231
  -1.920005e-09    1.838155e-06      0.02587645       -119.6165
   3.186819e-10    2.686347e-06    -0.009798349        46.11931
       3269.231        3846.154
