              0               0               0        3846.154
   4.336734e-05   -0.0003401818      -0.9750632       -60.10366
  -1.040988e-05     0.001369708       0.2623439       -6.574942
      -74.36504        -49.5767
  -1.362311e-27    2.357846e-24               1        3846.154
  -8.542062e-10    8.861281e-07      0.02261704       -83.82235
  -2.453636e-09    4.132802e-06     0.002623493       0.6112057
       3846.154        4423.077
              0               0               0        4423.077
   5.999187e-05   -0.0004416726      -0.9821005       -49.78382
  -1.013993e-05     0.001637168       0.2360785        -2.74597
      -64.94548       -43.29699
  -1.362311e-27    2.357846e-24               1        3846.154
  -6.078012e-10    4.890496e-07      0.01780789       -60.10366
   -3.49783e-09    5.356302e-06     0.004710929       -6.574942
       3846.154        4423.077
