              0               0               0       -2115.385
    1.50221e-07     2.58161e-05      -0.9997114       -97.91425
  -8.854691e-06     0.001321325      0.01422931       -48.35233
       1006.098        1039.599
   7.503431e-27   -2.744361e-24               1       -2115.385
  -3.252275e-08    2.465415e-05    -0.007263667       -131.3704
  -1.029063e-07    1.730008e-05     -0.02184073       -46.72566
      -2115.385       -1538.462
              0               0               0       -1538.462
   1.017833e-06   -0.0001256024      -0.9936318       -97.16986
  -7.046858e-06     0.001184827      -0.1109729       -70.51126
       1097.379        1133.924
   7.503431e-27   -2.744361e-24               1       -2115.385
  -2.166779e-08    2.035945e-05    -0.003243645       -97.91425
  -8.477512e-08    1.555287e-05     -0.01916504       -48.35233
      -2115.385       -1538.462
