              0               0               0        711.5385
  -2.230132e-05    -0.004501458       0.3057343        136.8293
   3.760592e-06     -0.00143002      -0.9502626        45.29046
       320.1603        337.0108
  -5.749011e-22    2.093553e-19               1        711.5385
  -7.710117e-06     0.002761628       0.4717018        140.5963
  -5.831813e-06     0.001316118     -0.04365425        28.88997
       711.5385        865.3846
              0               0               0        865.3846
   3.918407e-06    0.0002992951       0.9885765        230.9388
   3.004887e-05     0.002149239       -0.142955        33.83901
       372.3108        391.9061
  -5.749011e-22    2.093553e-19               1        711.5385
  -5.563021e-06     0.002216595       0.4023662        136.8293
  -2.867448e-06    0.0006204023      -0.1020124        45.29046
       711.5385        865.3846
