              0               0               0               0
  -1.283748e-05    -0.003165563       0.7083516        96.22894
   8.151755e-06    -0.003192683       -0.706289        104.0118
       255.6618         272.706
   8.523301e-22   -1.673124e-19               1               0
  -3.263912e-07    9.571533e-05   -0.0009356601         107.319
   6.500718e-07    -0.000210286     0.001391683        91.08662
              0        307.6923
              0               0               0        307.6923
   8.188903e-06    -0.003642366       0.7096514        95.55238
   2.536698e-05    -0.003626443      -0.7043031        103.4137
       254.5167        271.4845
   8.523301e-22   -1.673124e-19               1               0
  -3.026676e-07    9.683591e-05    -0.003339568        96.22894
   6.233621e-07    -0.000203426     0.001632253        104.0118
              0        307.6923
