              0               0               0       -4423.077
   3.236865e-06    9.478614e-05       0.9725106       -81.17436
   -1.71176e-05   -0.0003697818       0.2331231        63.63642
       193.3449        214.8277
   2.831483e-29     1.28761e-41               1       -4423.077
   4.613732e-10   -6.221366e-07     -0.02064848        -60.2063
   -1.95786e-09   -6.688895e-08     0.008981801        68.30418
      -4423.077       -3846.154
              0               0               0       -3846.154
   2.780465e-06    0.0001077397       0.9687605        -96.0666
  -1.425665e-05     -0.00039197       0.2483254        67.45102
       220.3993        244.8881
   2.831483e-29     1.28761e-41               1       -4423.077
   4.467554e-10   -5.707316e-07     -0.02563265       -81.17436
  -2.201786e-09   -1.877469e-07     0.007453123        63.63642
      -4423.077       -3846.154
