              0               0               0               0
  -1.003872e-06     0.004426646      -0.3136374        -84.0424
  -1.403627e-05     0.001442327       0.9497146       -6.128167
       647.7053        664.7511
   8.523301e-22   -1.673124e-19               1               0
   2.527674e-07   -0.0001225392      0.01388977       -88.10736
   3.547332e-07    2.450777e-05     -0.04084034        10.40996
              0        307.6923
              0               0               0        307.6923
  -3.734284e-06     0.004408428      -0.3180339       -83.92579
  -1.300064e-05     0.001450427       0.9479985        -5.94487
       -33.9415       -16.97075
   8.523301e-22   -1.673124e-19               1               0
   1.088857e-07   -9.331548e-05      0.01878275        -84.0424
   2.590065e-07    4.259335e-05     -0.03703126       -6.128167
              0        307.6923
