              0               0               0       -865.3846
    3.15314e-07   -0.0001246766       0.9754672       -137.0996
  -2.024116e-06    0.0005477998       0.2201776        40.09386
       106.8892         128.267
   1.194898e-23   -1.163587e-21               1       -865.3846
  -6.867499e-06    0.0007063397       0.4717345       -116.3001
   -8.43527e-06     0.001963423       0.2524085        45.03136
      -865.3846       -711.5385
              0               0               0       -711.5385
  -7.872086e-06     0.001679968       0.8517821       -66.67176
  -2.077358e-06    -0.002664818       0.5238251        91.62395
        83.5049        100.2059
   1.194898e-23   -1.163587e-21               1       -865.3846
  -6.892833e-06    0.0007231123       0.5096766       -137.0996
  -8.242699e-06     0.001738725        0.262543        40.09386
      -865.3846       -711.5385
