              0               0               0        4423.077
  -2.099944e-06   -0.0001511025      -0.9805211        122.0755
   1.987961e-05    0.0006821554      -0.1970672       -7.925183
      -238.1334       -216.4849
  -1.362311e-27    6.195073e-40               1        4423.077
   2.049885e-09    3.244722e-07     -0.01972926        100.7566
  -2.606082e-08    -9.74033e-06       0.0254059          -11.67
       4423.077            5000
              0               0               0            5000
  -2.879609e-06   -0.0001968069      -0.9778008        108.1893
   2.514599e-05    0.0008496929      -0.2100341       -1.802039
      -205.0411        -186.401
  -1.362311e-27    6.195073e-40               1        4423.077
   3.374694e-09    8.222842e-07     -0.02566709        122.0755
  -3.211634e-08   -1.203251e-05      0.02824489       -7.925183
       4423.077            5000
