              0               0               0       -1173.077
  -3.615889e-06   -8.720224e-05      -0.8545015        146.9695
  -3.838765e-06     0.001021891      -0.5377953        17.32906
       824.8319        860.6383
    7.61619e-25   -4.849574e-23               1       -1173.077
   5.934747e-07    -0.000264019     -0.05027708        116.0951
   1.110342e-06   -0.0001796179     -0.01579999      -0.7935277
      -1173.077       -1019.231
              0               0               0       -1019.231
  -6.443685e-06    7.899672e-05      -0.9291864        130.6216
  -5.922898e-06     0.001351209      -0.3951609        6.792225
       651.1799        679.4486
    7.61619e-25   -4.849574e-23               1       -1173.077
   7.727041e-07   -0.0003367069      -0.0727495        146.9695
   1.533687e-06    -0.000356708     -0.04991153        17.32906
      -1173.077       -1019.231
