              0               0               0           -5000
   7.292338e-06   -0.0004687381      -0.9845673        59.78928
  -3.385749e-06     0.001379701      -0.1595711       -2.631429
       443.0486        461.4869
   2.831483e-29   -4.900644e-26               1           -5000
  -9.178278e-10    2.447764e-06     0.005841689        41.52187
   4.744886e-09   -9.677413e-06    -0.004616225       -5.125815
          -5000       -4423.077
              0               0               0       -4423.077
   5.847821e-06   -0.0004429488      -0.9819871        66.73089
  -3.030155e-06     0.001230643      -0.1736825       -6.910933
       515.4176        536.8581
   2.831483e-29   -4.900644e-26               1           -5000
  -1.091119e-09      2.8023e-06      0.01077859        59.78928
    3.39918e-09   -6.683012e-06    -0.004693607       -2.631429
          -5000       -4423.077
