              0               0               0       -557.6923
   1.184701e-05    -0.003729587      -0.6453692        98.36878
   1.071878e-05     0.003140214      -0.7638851       -56.51957
       461.8912        479.3841
   8.804966e-23   -1.624172e-20               1       -557.6923
   2.116447e-06    -0.001115956      0.07969517        86.00157
  -1.142723e-07    9.853164e-05     -0.02648245       -68.86384
      -557.6923       -307.6923
              0               0               0       -307.6923
   8.896574e-06    -0.002617791      -0.8060935         83.9128
   1.229534e-05      0.00354312      -0.5919898        -62.0035
       449.3342        466.6143
   8.804966e-23   -1.624172e-20               1       -557.6923
   1.879853e-06   -0.0009950719      0.07345325        98.36878
   3.425652e-07   -0.0001428536    -0.007632624       -56.51957
      -557.6923       -307.6923
