              0               0               0        1538.462
   1.557604e-06    0.0003484661       0.9538937        466.1954
   6.021304e-06     0.001142312      -0.2961725       -85.02894
       698.8417        735.6229
  -3.610124e-25    4.927898e-22               1        1538.462
  -1.294359e-09   -1.541924e-05      -0.0406683        501.8296
   1.837115e-08   -8.868196e-05       0.1646133        -94.0775
       1538.462        2115.385
              0               0               0        2115.385
   8.679962e-07    0.0002139435       0.9846088        439.4657
   7.037517e-06     0.001273554      -0.1682357       -21.14001
       641.4986        675.2617
  -3.610124e-25    4.927898e-22               1        1538.462
   1.208536e-09   -1.752595e-05     -0.03662254        466.1954
    1.83248e-08   -8.391532e-05       0.1530543       -85.02894
       1538.462        2115.385
