              0               0               0        557.6923
   1.797192e-05    1.392623e-05       -1.000411        17.15723
   7.162198e-06     0.004715078     0.007408461       -94.21936
      -197.2242       -177.5018
   2.146718e-21   -7.814377e-19               1        557.6923
   1.701285e-06    0.0001302506    -0.001111943       -2.429998
   2.181649e-06    0.0004824502     0.003148058       -92.18426
       557.6923        711.5385
              0               0               0        711.5385
   1.170864e-05   -7.085693e-05       -1.000162        23.51175
   2.120898e-06     0.004180525     -0.02207329       -73.16427
      -168.6833        -151.815
   2.146718e-21   -7.814377e-19               1        557.6923
   2.471338e-06   -3.472471e-05     -0.01184658        17.15723
   2.270382e-06    0.0005118735     0.004371445       -94.21936
       557.6923        711.5385
