              0               0               0       -557.6923
  -2.823373e-05      0.00298544       0.8625349       -27.46454
   2.014994e-05    -0.005261527       0.5037366        134.0559
       142.7736        160.6203
   8.804966e-23   -1.624172e-20               1       -557.6923
  -1.687816e-06     0.000899517     -0.06652331       -11.28075
   9.918712e-07   -0.0005575607      0.05790127        141.4846
      -557.6923       -307.6923
              0               0               0       -307.6923
  -1.629977e-05     0.001484455       0.9518976       -14.87447
   1.068016e-05    -0.004694771       0.3063938        132.6622
       138.2614         155.544
   8.804966e-23   -1.624172e-20               1       -557.6923
  -1.683215e-06    0.0009063462     -0.07102533       -27.46454
   5.462554e-07   -0.0003213451      0.04062075        134.0559
      -557.6923       -307.6923
