              0               0               0       -557.6923
  -2.275748e-05    0.0009916106       0.9861172        5.951158
   1.663384e-05    -0.005696064       0.1588851        145.9737
        178.467        196.3137
   8.804966e-23   -1.624172e-20               1       -557.6923
  -1.481191e-06    0.0007733452     -0.05028473        23.73657
   1.672072e-06   -0.0009114928      0.08099902        147.0896
      -557.6923       -307.6923
              0               0               0       -307.6923
  -1.412875e-05    4.330449e-06       0.9997269        19.14955
   1.449908e-05    -0.004934099    -0.003154699        137.9507
       172.8267        190.1094
   8.804966e-23   -1.624172e-20               1       -557.6923
  -1.614982e-06    0.0008520713     -0.05928792        5.951158
    1.37508e-06   -0.0007582799      0.07153514        145.9737
      -557.6923       -307.6923
