              0               0               0        307.6923
  -3.734284e-06     0.004408428      -0.3180339       -83.92579
  -1.300064e-05     0.001450427       0.9479985        -5.94487
       -33.9415       -16.97075
  -1.867855e-21    6.194539e-19               1        307.6923
  -3.732638e-07    0.0001107845      0.01027292       -88.07166
  -1.619744e-06    0.0003519538      0.07499399        10.49757
       307.6923        557.6923
              0               0               0        557.6923
  -0.0001822389     0.006187159     -0.03398166       -84.75004
  -3.782571e-06    0.0001490203       0.9977512        6.227657
      -39.44484       -19.72242
  -1.867855e-21    6.194539e-19               1        307.6923
   4.192709e-08    7.194384e-06    -0.007716047       -83.92579
  -1.351568e-06    0.0002816763      0.06274401        -5.94487
       307.6923        557.6923
