              0               0               0        557.6923
   1.295998e-05    -0.004671255       0.2857134        109.8482
   1.540997e-05    -0.001353423       -0.958157        78.56132
       285.9505        301.8366
   2.146718e-21   -7.814377e-19               1        557.6923
   3.880571e-06    0.0004255619    -0.004119437        113.2602
   3.462643e-06   -0.0009777407     -0.04703723        63.06013
       557.6923        711.5385
              0               0               0        711.5385
  -2.230132e-05     -0.00337409       0.4384415        130.5061
   3.760592e-06    -0.001620124       -0.898866        60.87887
       303.3098        320.1603
   2.146718e-21   -7.814377e-19               1        557.6923
   3.054524e-06    0.0004136098    -0.001652508        109.8482
   1.939637e-06   -0.0008413462     -0.03140665        78.56132
       557.6923        711.5385
