              0               0               0       -2115.385
  -1.517101e-08   -8.012365e-05      -0.9924215       -31.09771
    4.62758e-06    0.0006177018       -0.123276       -44.17278
       939.0973        972.5977
   7.503431e-27   -2.744361e-24               1       -2115.385
  -1.215929e-08    1.619397e-05    0.0005561044       -64.43473
  -6.647782e-08    1.366128e-05     -0.01612979       -47.43536
      -2115.385       -1538.462
              0               0               0       -1538.462
  -5.222473e-07    -0.000143397      -0.9691355       -25.42473
   4.065697e-06    0.0005461315      -0.2467267       -56.87046
       1024.289        1060.834
   7.503431e-27   -2.744361e-24               1       -2115.385
  -3.880711e-09    1.214035e-05     0.004120777       -31.09771
  -4.791972e-08    1.155578e-05      -0.0127265       -44.17278
      -2115.385       -1538.462
