              0               0               0        865.3846
   2.831792e-06   -0.0002624626      -0.9533481        213.2244
  -9.449462e-06    0.0008625962      -0.3013128        19.88539
      -352.6613        -333.069
   1.528862e-22   -5.598364e-20               1        865.3846
   1.944825e-08   -7.919569e-05       0.5600362        194.4667
   2.671501e-06    -0.002198912      0.08527032        14.24203
       865.3846        1019.231
              0               0               0        1019.231
   7.021982e-07   -5.499786e-05      -0.9961942        305.2633
  -7.903361e-06    0.0006363845      -0.0861509        -12.9726
      -477.2916       -450.7754
   1.528862e-22   -5.598364e-20               1        865.3846
   3.568434e-07   -0.0001957806        0.619927        213.2244
   1.929833e-06    -0.001967008      0.04336316        19.88539
       865.3846        1019.231
