              0               0               0        557.6923
     1.8324e-05    -0.003174026      -0.8163627        72.77614
   8.133203e-06     0.004432438      -0.5763954       -77.10303
      -256.3914        -236.669
   2.146718e-21   -7.814377e-19               1        557.6923
   3.934441e-06   -0.0003473296     -0.03263117        55.58145
   3.015202e-06    0.0003709738    -0.004187637       -86.68444
       557.6923        711.5385
              0               0               0        711.5385
   1.898393e-05    -0.001983646      -0.9039493        72.38847
  -1.883144e-05     0.004214778      -0.4254213       -61.50165
      -219.2883         -202.42
   2.146718e-21   -7.814377e-19               1        557.6923
    4.49042e-06   -0.0004485368     -0.03979628        72.77614
   3.648421e-06    0.0001936298      -0.0147334       -77.10303
       557.6923        711.5385
