              0               0               0        711.5385
  -3.788653e-07    -0.001964474      -0.8373511        87.07398
   2.584331e-05     0.002906978      -0.5455535       -53.25026
      -236.1567       -219.2883
  -5.749011e-22    2.093553e-19               1        711.5385
  -3.786917e-06     0.001623965       0.1410388        72.38847
  -9.769181e-06     0.001877517       0.3039045       -61.50165
       711.5385        865.3846
              0               0               0        865.3846
   1.464158e-07    -5.82287e-05      -0.9692897        137.7462
  -6.967477e-07    0.0002388421      -0.2459549       -1.149266
      -274.2921       -254.6999
  -5.749011e-22    2.093553e-19               1        711.5385
  -3.938834e-06     0.001757869       0.1521551        87.07398
  -9.882965e-06     0.001963562       0.2704863       -53.25026
       711.5385        865.3846
