              0               0               0       -1538.462
  -4.545629e-05     0.002906409      -0.8465988        206.1799
  -5.895644e-05     0.006600236      -0.7594827        47.32079
       768.4745        805.0195
  -5.358563e-26    1.024235e-23               1       -1538.462
  -4.001866e-07    3.904923e-05      0.03830881         176.904
  -5.862879e-07    0.0001073825       0.0716775        25.50287
      -1538.462       -1173.077
              0               0               0       -1173.077
  -4.251997e-05     0.002465236      -0.7891041        203.6395
  -6.593432e-05     0.007012836       -0.820493        60.84384
       753.2191        789.0255
  -5.358563e-26    1.024235e-23               1       -1538.462
  -4.366296e-07    3.799967e-05      0.03745554        206.1799
  -7.827984e-07    0.0001364484      0.09166252        47.32079
      -1538.462       -1173.077
