              0               0               0       -2692.308
   2.070782e-06    8.368474e-05       0.9554362       -126.5019
  -7.759209e-06   -0.0002623258        0.295298        69.59545
       274.7836        305.3151
  -2.010353e-27    7.350966e-25               1       -2692.308
   2.525403e-08   -1.193546e-05     -0.02701106       -97.19407
   1.636868e-08   -1.438261e-05    -0.002384842        78.14598
      -2692.308       -2115.385
              0               0               0       -2115.385
   2.239186e-06    8.493446e-05       0.9352062       -143.4614
  -6.654809e-06   -0.0002178309       0.3541896        63.73811
       301.9923         335.547
  -2.010353e-27    7.350966e-25               1       -2692.308
     2.7095e-08   -1.188449e-05     -0.03155831       -126.5019
   2.082784e-08   -1.799409e-05    -0.006703858        69.59545
      -2692.308       -2115.385
