              0               0               0        3269.231
   3.095886e-07    8.040489e-05       0.9664415        230.5994
   1.603672e-06    0.0003004088      -0.2568786        47.30916
       388.0805        415.8006
   6.811555e-27   -9.431384e-24               1        3269.231
  -6.059914e-10    4.774177e-07     -0.04517002        257.4576
   2.576295e-09   -6.813384e-06     0.007595244        40.45346
       3269.231        3846.154
              0               0               0        3846.154
   4.100229e-07    8.766464e-05       0.9697549        207.4429
   2.270793e-06    0.0003445024      -0.2440897        48.84346
       345.5843        370.2689
   6.811555e-27   -9.431384e-24               1        3269.231
  -9.631011e-10    8.874906e-07      -0.0403294        230.5994
   1.581346e-09   -5.569783e-06     0.005346461        47.30916
       3269.231        3846.154
