              0               0               0       -557.6923
  -1.118625e-05    -0.001853275       0.9311014        58.54153
   1.082077e-05     -0.00461306      -0.3659615        140.0084
       232.0071        249.8538
   8.804966e-23   -1.624172e-20               1       -557.6923
  -9.516229e-07    0.0004761489     -0.02249991        74.50475
   2.117656e-06    -0.001130196      0.08889051        132.0694
      -557.6923       -307.6923
              0               0               0       -307.6923
  -8.282424e-06    -0.002159349       0.8897681        69.08013
    1.11926e-05    -0.004146814      -0.4567763        125.8183
       224.6747        241.9574
   8.804966e-23   -1.624172e-20               1       -557.6923
  -1.131247e-06    0.0005754368     -0.03100183        58.54153
   2.036395e-06    -0.001094008        0.089467        140.0084
      -557.6923       -307.6923
