              0               0               0               0
  -8.322797e-06      0.00499413     0.004918409       -89.62976
   -1.15153e-05   -0.0001882077         1.00192        27.36913
              0        17.04412
   8.523301e-22   -1.673124e-19               1               0
   2.698996e-07   -0.0001222736      0.01244167       -88.13634
   3.939361e-07    2.057806e-05     -0.04384214        44.33428
              0        307.6923
              0               0               0        307.6923
  -3.470107e-05     0.005982606     0.001485484        -89.6001
  -1.837954e-05    2.789405e-05       0.9998508        27.38473
              0        16.96778
   8.523301e-22   -1.673124e-19               1               0
   2.681167e-07   -0.0001235272      0.01272094       -89.62976
   4.402592e-07     9.99837e-06     -0.04470707        27.36913
              0        307.6923
