              0               0               0        2692.308
   5.266799e-07    6.847119e-05      -0.9942968        38.80559
   2.480223e-07    0.0006760584       0.1069778       -32.69076
      -214.8009       -184.1151
  -2.588391e-26    3.536769e-23               1        2692.308
   9.575895e-10   -2.903653e-06     0.006100508        8.374446
  -6.643815e-09    3.219399e-06     0.009325741       -28.76429
       2692.308        3269.231
              0               0               0        3269.231
    6.01433e-07    5.208895e-05      -0.9973144        38.66338
   2.117191e-07    0.0007529756      0.07378366        -26.2119
      -193.7529       -166.0739
  -2.588391e-26    3.536769e-23               1        2692.308
   1.133293e-09   -3.110898e-06     0.001171055        38.80559
  -8.245992e-09    2.357875e-06       0.0126143       -32.69076
       2692.308        3269.231
