              0               0               0       -557.6923
   0.0001424568    -0.003906389      0.00460577        123.9798
  -2.817354e-06    6.869256e-05      -0.9993504        42.39807
        356.934        374.4268
   8.804966e-23   -1.624172e-20               1       -557.6923
  -5.094685e-07    0.0002587095       -0.018955        123.6275
   1.761052e-06   -0.0008959906      0.05494838        24.92249
      -557.6923       -307.6923
              0               0               0       -307.6923
  -2.765896e-05    -0.003281725     -0.00214012        128.2573
   1.177544e-05    3.153537e-05        -1.00078        27.40005
       345.6534        362.9335
   8.804966e-23   -1.624172e-20               1       -557.6923
  -6.756889e-07    0.0003542288      -0.0292165        123.9798
   1.820694e-06   -0.0009288196      0.05841946        42.39807
      -557.6923       -307.6923
