              0               0               0        3846.154
   1.481548e-06   -0.0001164662       0.9685338        135.8513
   5.374233e-06   -0.0004260483      -0.2491852        67.77761
       271.5306        296.2151
  -1.362311e-27    2.357846e-24               1        3846.154
   1.000137e-09   -1.215165e-06     -0.03042765        159.7105
   2.057757e-09   -3.767464e-06    -0.003308966         61.4478
       3846.154        4423.077
              0               0               0        4423.077
   1.232451e-06   -8.648718e-05        0.972217        120.8924
   4.629762e-06   -0.0003316092      -0.2343717        63.87026
       238.4997        260.1815
  -1.362311e-27    2.357846e-24               1        3846.154
   1.141529e-09   -1.371896e-06     -0.02551731        135.8513
   2.335901e-09   -4.002477e-06    -0.005241105        67.77761
       3846.154        4423.077
