              0               0               0       -2692.308
  -2.219744e-06   -0.0001072813       0.9889592         54.1191
   2.142443e-06   -0.0009421533       -0.152956        84.69808
       457.9726        488.5041
  -2.010353e-27    7.350966e-25               1       -2692.308
   7.030955e-09   -6.178142e-06     0.006067113        84.15033
   -7.31205e-09    7.529407e-06      0.01443465        79.21083
      -2692.308       -2115.385
              0               0               0       -2115.385
  -1.934099e-06   -4.358379e-05       0.9965023        53.62917
   1.376887e-06   -0.0008393536     -0.09167916        92.60981
       503.3205        536.8752
  -2.010353e-27    7.350966e-25               1       -2692.308
   1.082125e-08   -7.794754e-06    4.601264e-05         54.1191
  -4.121173e-09    4.313337e-06       0.0125969        84.69808
      -2692.308       -2115.385
