              0               0               0        557.6923
  -1.701641e-05     0.005071597     0.006802818       -84.99679
  -1.668462e-05    6.937568e-05       0.9991087        45.63122
              0        15.88614
   2.146718e-21   -7.814377e-19               1        557.6923
   -2.45048e-07   -0.0002114211    -0.007284959       -83.67702
   2.973915e-06   -0.0009120158     -0.05124265        61.45381
       557.6923        711.5385
              0               0               0        711.5385
  -0.0002298313      0.01393127    7.458613e-05       -93.55141
  -2.430318e-05   -4.598331e-05        0.991105        26.24184
              0        16.85054
   2.146718e-21   -7.814377e-19               1        557.6923
  -1.109445e-06   -0.0001812397    -0.001462944       -84.99679
   3.597133e-06    -0.000994829     -0.05811959        45.63122
       557.6923        711.5385
