              0               0               0       -2115.385
   2.323549e-05    -0.002209811      -0.8740805        162.3551
   7.653294e-06     0.000323709      -0.4059569        7.559051
       738.0948        771.5952
   7.503431e-27   -2.744361e-24               1       -2115.385
   2.515758e-08   -6.610036e-06      0.01929027        131.4666
   4.564439e-08   -8.619928e-07     0.007291439       -5.389642
      -2115.385       -1538.462
              0               0               0       -1538.462
   1.901468e-05    -0.002077188      -0.8162949         176.904
   7.532941e-06    0.0001365503       -0.513287        25.50287
       805.0195        841.5645
   7.503431e-27   -2.744361e-24               1       -2115.385
   2.835469e-08   -1.002619e-05      0.02156475        162.3551
    6.42246e-08   -3.775503e-06      0.01190426        7.559051
      -2115.385       -1538.462
