              0               0               0        2692.308
   3.455164e-09    5.963927e-06      -0.9897228        221.9444
   1.096276e-07   -4.353373e-05      -0.1430475       -23.47519
       -398.916       -368.2301
  -2.588391e-26    3.536769e-23               1        2692.308
   3.756982e-09   -3.697762e-06     -0.02571399        191.5796
   -2.29466e-08    9.158053e-07      0.02571173       -27.90255
       2692.308        3269.231
              0               0               0        3269.231
  -5.651818e-10    9.179929e-06      -0.9843257        203.4734
    1.53103e-07   -5.350127e-05      -0.1764047       -12.24988
      -359.8268       -332.1478
  -2.588391e-26    3.536769e-23               1        2692.308
   4.264566e-09   -3.653035e-06     -0.03132827        221.9444
  -2.383524e-08   -1.507663e-07      0.02747752       -23.47519
       2692.308        3269.231
