              0               0               0               0
  -1.345416e-05    0.0007015312       0.9875812        2.497399
  -5.120652e-06    -0.004422851       0.1573515         134.335
       153.3971        170.4412
   8.523301e-22   -1.673124e-19               1               0
  -2.028221e-07    0.0001049881     -0.01426958        19.46703
   4.728745e-07   -0.0001318389     -0.00633374        135.7067
              0        307.6923
              0               0               0        307.6923
  -1.610876e-05    0.0007671949       0.9881069        2.199591
   1.818862e-05    -0.005087848       0.1520402        133.8474
         152.71        169.6778
   8.523301e-22   -1.673124e-19               1               0
  -1.714127e-07    9.946987e-05     -0.01534557        2.497399
   4.254419e-07   -0.0001044813     -0.00971512         134.335
              0        307.6923
