              0               0               0        1538.462
  -1.022124e-06   -0.0002305917       0.9818513        64.93535
  -1.556206e-07    -0.001188546      -0.1895833        95.08391
        257.468        294.2492
  -3.610124e-25    4.927898e-22               1        1538.462
  -6.823335e-09    1.716441e-05     -0.03273702        100.6861
   6.908257e-09   -2.037584e-05      0.01719502        86.49515
       1538.462        2115.385
              0               0               0        2115.385
  -1.183507e-06    -7.82343e-05       0.9982318        52.63352
  -3.498167e-07    -0.001316036     -0.05897159        94.46473
       236.3416        270.1047
  -3.610124e-25    4.927898e-22               1        1538.462
  -7.675997e-09    1.956736e-05     -0.03005714        64.93535
   4.765847e-09   -1.284715e-05     0.004752317        95.08391
       1538.462        2115.385
