              0               0               0       -2692.308
     1.3811e-07   -0.0001199314       0.9958964        23.82075
   2.440697e-06    -0.001165708     -0.08859982        88.42035
       427.4411        457.9726
  -2.010353e-27    7.350966e-25               1       -2692.308
   1.082125e-08   -7.794754e-06    4.601264e-05         54.1191
  -4.121173e-09    4.313337e-06       0.0125969        84.69808
      -2692.308       -2115.385
              0               0               0       -2115.385
   1.207133e-08   -4.479894e-05        0.999468        20.14231
   2.520973e-06    -0.001093125     -0.02683541         94.6458
       469.7658        503.3205
  -2.010353e-27    7.350966e-25               1       -2692.308
   1.441074e-08   -9.241144e-06    -0.005841017        23.82075
  -6.653203e-10    8.880247e-07       0.0104999        88.42035
      -2692.308       -2115.385
