              0               0               0        711.5385
   1.446422e-05     -0.00410528       0.5644729        122.0909
    2.26863e-05    -0.002766954      -0.8249414        75.45669
       286.4592        303.3098
  -5.749011e-22    2.093553e-19               1        711.5385
  -4.037801e-06      0.00182339       0.3425013        130.5061
   -3.96624e-07    5.387086e-05      -0.1525567        60.87887
       711.5385        865.3846
              0               0               0        865.3846
  -3.142285e-06    0.0002536701       0.9750389        192.4729
    -1.2265e-05     0.001103797      -0.2217009        41.25217
       333.1202        352.7155
  -5.749011e-22    2.093553e-19               1        711.5385
  -2.916378e-06     0.001521841       0.2923801        122.0909
   1.793319e-06   -0.0004316519      -0.1983668        75.45669
       711.5385        865.3846
