              0               0               0        1538.462
   8.110563e-07    0.0001616039       0.9036706        363.9045
   2.163368e-06    0.0003386019      -0.4282663       -43.92638
       588.4983        625.2794
  -3.610124e-25    4.927898e-22               1        1538.462
   3.067291e-09   -1.643053e-05     -0.03254961        397.4016
   1.746592e-08   -7.364154e-05       0.1290178       -59.11278
       1538.462        2115.385
              0               0               0        2115.385
   5.821685e-07    0.0001265654       0.9520739        341.4315
   2.498846e-06    0.0003921616      -0.3059118        3.948844
       540.2093        573.9724
  -3.610124e-25    4.927898e-22               1        1538.462
   2.842496e-09   -1.402169e-05     -0.03180983        363.9045
   1.666052e-08   -6.815665e-05       0.1167596       -43.92638
       1538.462        2115.385
