              0               0               0        865.3846
   4.263973e-07   -8.329101e-05       -0.966517        156.7113
  -9.245677e-07    0.0002931853      -0.2563785         3.76819
      -293.8844       -274.2921
   1.528862e-22   -5.598364e-20               1        865.3846
  -1.185416e-07    -6.00543e-05       0.4133573        137.7462
   4.194304e-06    -0.002597806       0.1729103       -1.149266
       865.3846        1019.231
              0               0               0        1019.231
   9.106456e-08    4.111672e-06       -0.997232        225.9248
  -1.146867e-06    -5.29844e-05     -0.07434601       -18.73138
       -397.743       -371.2268
   1.528862e-22   -5.598364e-20               1        865.3846
  -1.869643e-07   -2.226995e-05       0.4577393        156.7113
   3.815473e-06    -0.002518442       0.1508983         3.76819
       865.3846        1019.231
