              0               0               0        865.3846
    1.38337e-06    2.575749e-05      -0.9997738        22.12246
  -2.469526e-07     0.001432892      0.01921345       -19.73428
      -156.7384       -137.1461
   1.528862e-22   -5.598364e-20               1        865.3846
   1.253073e-06   -0.0006405478       0.1472288        2.554886
   3.824153e-06    -0.001839864       0.1738032       -18.80968
       865.3846        1019.231
              0               0               0        1019.231
   1.705874e-07    0.0001064503      -0.9925332         40.8476
  -1.113211e-06     0.000836591       0.1218742        -25.4919
      -212.1296       -185.6134
   1.528862e-22   -5.598364e-20               1        865.3846
   1.093051e-06   -0.0005834929       0.1856105        22.12246
   4.170264e-06    -0.002070768       0.1824508       -19.73428
       865.3846        1019.231
