              0               0               0        1019.231
   0.0006331722    -0.005322034      -0.9402771       -135.4753
  -0.0002063956     0.008755477       0.6475592        28.08741
       -26.5162               0
  -3.664376e-23    1.457923e-20               1        1019.231
   7.368057e-07    1.138122e-05       -0.173879       -152.3451
  -2.105828e-06    0.0003083943       0.2107974        47.56628
       1019.231        1173.077
              0               0               0        1173.077
   0.0003653291    -0.002930774      -0.8267951       -158.9189
    -0.00018174     0.007237301       0.7794601        52.14187
      -33.63002               0
  -3.664376e-23    1.457923e-20               1        1019.231
   8.453205e-07   -2.128418e-05      -0.1691162       -135.4753
  -1.726934e-06    0.0002703122       0.1556417        28.08741
       1019.231        1173.077
