              0               0               0       -307.6923
  -1.088433e-05     0.002697436       0.8058919        -45.4953
  -7.647037e-06    -0.003683266       0.5922066        116.9306
        103.696        120.9787
  -2.352002e-22    4.979552e-20               1       -307.6923
   4.259509e-07    -0.000320861      0.06171961       -30.81782
  -3.177686e-08   -2.058931e-05     0.002247268        126.0259
      -307.6923               0
              0               0               0               0
  -8.474739e-06     0.002598524       0.8093078       -44.30319
  -1.156716e-05    -0.003581483       0.5875889        114.9251
       102.2647        119.3089
  -2.352002e-22    4.979552e-20               1       -307.6923
   3.362624e-07    -0.000259952      0.05202411        -45.4953
   1.138005e-07   -0.0001306799      0.02291748        116.9306
      -307.6923               0
