              0               0               0               0
   1.285434e-05   -0.0006772931      -0.9879892        36.38748
  -1.032531e-05     0.004774118      -0.1530166       -79.63826
       494.2939        511.3396
   8.523301e-22   -1.673124e-19               1               0
   1.762312e-07   -0.0001372055      0.02484757        19.41337
  -4.739269e-07    0.0001321044     0.006056142       -80.91053
              0        307.6923
              0               0               0        307.6923
   1.196007e-05   -0.0006536744      -0.9880361        36.10015
   8.290484e-06     0.004322966      -0.1558691       -78.98631
      -186.6783       -169.7075
   8.523301e-22   -1.673124e-19               1               0
   2.738373e-07   -0.0001552988      0.02092499        36.38748
  -4.269287e-07    0.0001069554     0.009628771       -79.63826
              0        307.6923
