              0               0               0       -1538.462
   2.597474e-06    0.0001015091       0.8836075       -161.8037
  -5.444056e-06   -0.0001854795       0.4683262        44.54468
       329.3683        365.9648
  -5.358563e-26    1.024235e-23               1       -1538.462
   1.040649e-06   -0.0001385599     -0.07717366       -129.2035
   7.209431e-07   -0.0001399948     -0.07535513        61.16852
      -1538.462       -1173.077
              0               0               0       -1173.077
   3.056909e-06    0.0001194298       0.8460394        -155.779
  -5.323084e-06   -0.0001845224       0.5331865        31.47049
       322.8357        358.7063
  -5.358563e-26    1.024235e-23               1       -1538.462
   1.101191e-06   -0.0001406219      -0.0791458       -161.8037
     9.3504e-07   -0.0001744249     -0.09688319        44.54468
      -1538.462       -1173.077
