              0               0               0       -557.6923
  -4.677923e-05      0.00623318     -0.01131527       -76.68753
  -1.535843e-05    9.538563e-05       0.9987326        44.27776
        35.6934        53.54009
   8.804966e-23   -1.624172e-20               1       -557.6923
   1.647669e-07   -5.407054e-05    -0.009714714       -75.17008
  -1.815186e-06    0.0009637134     -0.06560196        62.04492
      -557.6923       -307.6923
              0               0               0       -307.6923
  -6.109027e-06     0.004423688       0.2909663       -84.72214
  -1.141819e-05    -0.001377834       0.9567119        61.45019
       34.56534        51.84801
   8.804966e-23   -1.624172e-20               1       -557.6923
   8.295267e-07   -0.0004131245      0.01929728       -76.68753
  -2.044692e-06     0.001091652        -0.07643        44.27776
      -557.6923       -307.6923
