              0               0               0        865.3846
   1.464158e-07    -5.82287e-05      -0.9692897        137.7462
  -6.967477e-07    0.0002388421      -0.2459549       -1.149266
      -274.2921       -254.6999
   1.528862e-22   -5.598364e-20               1        865.3846
   1.480138e-08   -0.0001238433       0.3718266        118.7344
   4.475275e-06    -0.002631336       0.1879323       -5.881646
       865.3846        1019.231
              0               0               0        1019.231
   -8.07597e-08    1.135573e-05      -0.9968219        199.4866
   1.052854e-06   -0.0001442161     -0.07957502       -20.76139
      -371.2268       -344.7106
   1.528862e-22   -5.598364e-20               1        865.3846
  -1.185416e-07    -6.00543e-05       0.4133573        137.7462
   4.194304e-06    -0.002597806       0.1729103       -1.149266
       865.3846        1019.231
