              0               0               0               0
   1.346574e-05    -0.004673814      -0.3121133        122.8563
   1.139846e-05     0.001506858      -0.9498829       -6.142785
       374.9739        392.0196
   8.523301e-22   -1.673124e-19               1               0
   4.728469e-08   -3.237079e-05     0.003491866        116.2447
   5.409119e-07    -0.000174872      0.00371143       -21.83994
              0        307.6923
              0               0               0        307.6923
   1.532398e-05    -0.004401788      -0.3244093        122.3302
   6.350521e-06     0.001540427       -0.944985       -5.934364
      -305.4735       -288.5028
   8.523301e-22   -1.673124e-19               1               0
  -1.650034e-07     3.00362e-05     0.004670109        122.8563
   6.797151e-07   -0.0002077215    0.0002399612       -6.142785
              0        307.6923
