              0               0               0        3269.231
   7.147818e-06    -0.000224535       0.9655775       -67.66033
   7.023112e-06    -0.001416932       0.2961308        65.37511
       83.16011        110.8802
   6.811555e-27   -9.431384e-24               1        3269.231
  -2.932253e-09    3.030329e-06      0.01011784       -40.91477
   4.161337e-09   -1.765223e-06     -0.01209453        72.64469
       3269.231        3846.154
              0               0               0        3846.154
    9.67693e-06   -0.0002891837       0.9614893       -58.33532
     7.2747e-06    -0.001437503       0.3097742        58.99845
       74.05379        98.73838
   6.811555e-27   -9.431384e-24               1        3269.231
  -2.874123e-09    2.863735e-06      0.01546783       -67.66033
   3.492899e-09   -7.101231e-07     -0.01180576        65.37511
       3269.231        3846.154
