              0               0               0        865.3846
  -0.0001759638      0.00342948      -0.8977178       -92.77577
   0.0001605328    0.0008850385       0.3605482        2.021186
      -39.18459        -19.5923
   1.528862e-22   -5.598364e-20               1        865.3846
   1.125537e-07   -7.323202e-05      -0.1545753       -110.3711
  -2.519325e-08    0.0002819398      0.07067985        10.63219
       865.3846        1019.231
              0               0               0        1019.231
   -0.000102738     0.002850633       -0.874745       -112.3693
   0.0001042567    0.0004620035       0.4031467        15.12892
      -53.03239        -26.5162
   1.528862e-22   -5.598364e-20               1        865.3846
   6.652252e-07   -0.0003245974      -0.0931648       -92.77577
   7.417801e-07   -0.0001167201      0.08560027        2.021186
       865.3846        1019.231
