              0               0               0        1019.231
  -5.597429e-07    0.0002193193       0.9646273        279.8713
   2.569758e-07    0.0007826574      -0.2636192        6.324366
       451.5085        478.0678
  -3.664376e-23    1.457923e-20               1        1019.231
  -2.541025e-06   -3.560117e-05       0.6051731        305.6354
    5.87962e-06    -0.001276167       -0.380352      -0.1202823
       1019.231        1173.077
              0               0               0        1173.077
  -7.910651e-07    0.0002829839       0.9132496        357.5955
  -9.943715e-07    0.0006279972      -0.4074086       -54.38472
       572.5424        606.2214
  -3.664376e-23    1.457923e-20               1        1019.231
  -2.297915e-06    -6.82901e-05       0.5701022        279.8713
   5.540147e-06    -0.001244161      -0.3343275        6.324366
       1019.231        1173.077
