              0               0               0        3269.231
   6.491454e-07   -2.535948e-05      -0.9996344        93.97645
  -5.392077e-06     0.001269576     -0.02769363       -27.75148
      -249.1108       -221.4319
   6.811555e-27   -9.431384e-24               1        3269.231
  -2.320502e-10   -9.389136e-07    -0.006313702        66.30192
   2.169542e-08   -1.614499e-05     0.007441641        -27.6597
       3269.231        3846.154
              0               0               0        3846.154
   3.599515e-07    1.200758e-05       -1.000067        87.07949
  -4.331166e-06     0.001070427     0.003550943       -25.25391
      -223.0951       -198.3068
   6.811555e-27   -9.431384e-24               1        3269.231
  -8.705795e-10   -5.287555e-07     -0.01135991        93.97645
   2.811312e-08   -2.130013e-05     0.007260479       -27.75148
       3269.231        3846.154
