              0               0               0        3846.154
   6.353586e-08    9.135435e-05       0.9975815          328.88
   1.167516e-05     0.001720354     -0.05209657        27.92333
       469.0073        493.6919
  -1.362311e-27    2.357846e-24               1        3846.154
  -7.149913e-11    6.957202e-08     -0.07079376        353.5616
  -2.640317e-10   -1.798417e-06     0.008587926        27.86122
       3846.154        4423.077
              0               0               0        4423.077
  -3.368133e-07    6.927135e-05       0.9984201        291.0518
   1.315176e-05     0.001900592     -0.03566796        31.91233
        411.954        433.6358
  -1.362311e-27    2.357846e-24               1        3846.154
   2.177585e-12   -3.616879e-08     -0.06554887          328.88
  -2.056873e-10   -1.808919e-06     0.008026333        27.92333
       3846.154        4423.077
