              0               0               0       -307.6923
   1.824081e-05     0.003695452      -0.5820711       -69.42147
  -1.033556e-05     0.002734724        0.812899       -37.61067
       622.1355        639.4156
  -2.352002e-22    4.979552e-20               1       -307.6923
  -4.576539e-07     0.000349567      -0.0614873       -78.28214
   5.838084e-07   -0.0004747325      0.09395543       -22.80041
      -307.6923               0
              0               0               0               0
   9.546267e-06     0.003650204      -0.5923961       -68.44801
  -1.110374e-05     0.002714676       0.8056659       -36.29635
       613.6139        630.6596
  -2.352002e-22    4.979552e-20               1       -307.6923
  -4.485238e-07    0.0003543685     -0.06340892       -69.42147
   6.198764e-07    -0.000483482      0.09434874       -37.61067
      -307.6923               0
