              0               0               0       -1173.077
   7.731689e-07   -5.974789e-05      -0.9935948        -368.394
   -6.43476e-06    0.0005235972       -0.112354       -112.2763
       1361.928        1397.735
    7.61619e-25   -4.849574e-23               1       -1173.077
  -4.621203e-06     0.001622841       0.4345148       -404.0121
  -8.222491e-06     0.002282408       0.4243627       -115.9234
      -1173.077       -1019.231
              0               0               0       -1019.231
  -4.849069e-07    3.426662e-05      -0.9985925       -287.3681
  -1.031582e-05    0.0006785879      0.05156763       -28.32313
       1075.211        1103.479
    7.61619e-25   -4.849574e-23               1       -1173.077
  -4.074976e-06      0.00146981       0.3969927        -368.394
  -7.381715e-06     0.002115072       0.3950152       -112.2763
      -1173.077       -1019.231
