              0               0               0       -2692.308
  -8.443127e-07     7.29003e-05      -0.9910249       -121.7342
  -5.257871e-06    0.0004617139        0.134693       -31.40433
       945.9565        976.4407
  -2.010353e-27    7.350966e-25               1       -2692.308
   1.759377e-08   -1.375631e-06      -0.0273455        -151.901
   1.824423e-08   -1.238903e-05     -0.02830182        -27.0182
      -2692.308       -2115.385
              0               0               0       -2115.385
   -4.36877e-07     4.09135e-05      -0.9974759       -131.3704
  -4.486896e-06    0.0004314174      0.07294689       -46.72566
       1039.599        1073.099
  -2.010353e-27    7.350966e-25               1       -2692.308
   1.437505e-08   -2.257373e-07     -0.02135698       -121.7342
   1.581711e-08   -1.007569e-05     -0.02600864       -31.40433
      -2692.308       -2115.385
