              0               0               0       -1173.077
   4.534602e-07   -4.742387e-05       -0.991901       -119.6296
  -4.196933e-06    0.0004311802      -0.1279038       -81.68486
       1111.283         1147.09
    7.61619e-25   -4.849574e-23               1       -1173.077
  -1.481447e-06    0.0006097252       0.1836084        -155.186
   -3.05818e-06     0.001144418       0.2254517       -85.90449
      -1173.077       -1019.231
              0               0               0       -1019.231
  -3.707027e-07    2.928053e-05      -0.9995096       -89.66177
  -6.346236e-06    0.0005240284      0.03514554       -36.53757
       877.3297        905.5984
    7.61619e-25   -4.849574e-23               1       -1173.077
  -1.113311e-06    0.0004699095       0.1488475       -119.6296
  -2.480582e-06    0.0009929284       0.1994112       -81.68486
      -1173.077       -1019.231
