              0               0               0        865.3846
   3.323701e-06   -0.0003637337       0.9861698        59.31263
   2.577882e-05    -0.002177826      -0.1639814        74.03053
        195.953        215.5483
   1.528862e-22   -5.598364e-20               1        865.3846
   1.666087e-07    6.341319e-05       0.3188841        78.52227
  -6.351976e-06     0.002054524      -0.2358803          70.175
       865.3846        1019.231
              0               0               0        1019.231
   3.328053e-06   -0.0003706671       0.9483177        104.7014
   9.798552e-06     -0.00105615      -0.3175311        68.37871
       265.5932        292.1526
   1.528862e-22   -5.598364e-20               1        865.3846
   5.362995e-07   -5.440507e-05       0.2907035        59.31263
  -6.276882e-06     0.002103284      -0.2117538        74.03053
       865.3846        1019.231
