              0               0               0       -4423.077
  -2.600737e-06    0.0003072327      -0.9898209       -61.38415
  -2.335686e-05     0.002109744        0.140412       -11.21607
        644.061        665.5015
   2.831483e-29     1.28761e-41               1       -4423.077
   1.919669e-09   -2.832049e-07     -0.02499313       -82.49087
   2.470929e-08   -9.561928e-06     -0.02423909       -7.465927
      -4423.077       -3846.154
              0               0               0       -3846.154
    7.00246e-07    0.0001269158      -0.9968588        -72.2441
  -7.227458e-06     0.001666022      0.07697504       -22.67558
       735.3317        759.8872
   2.831483e-29     1.28761e-41               1       -4423.077
   8.386462e-10    1.503997e-07     -0.01918982       -61.38415
    1.97636e-08   -7.649454e-06     -0.02202812       -11.21607
      -4423.077       -3846.154
