              0               0               0        307.6923
  -6.685443e-06     -0.00362161      -0.4605724        115.6319
   1.924983e-05     0.001863747      -0.8872136       -21.49678
      -288.5028        -271.532
  -1.867855e-21    6.194539e-19               1        307.6923
  -5.537542e-07     0.000109768      0.01215939        106.7399
   -1.01673e-06    0.0002125059      0.03125808        -35.9226
       307.6923        557.6923
              0               0               0        557.6923
   4.798991e-06    -0.004551421      -0.1691777         113.058
   1.094308e-05    0.0008559208       -0.985929       -11.68485
      -335.2811       -315.5587
  -1.867855e-21    6.194539e-19               1        307.6923
  -1.618567e-07    1.127662e-05    -0.002998648        115.6319
  -1.465437e-06    0.0003244314      0.04972971       -21.49678
       307.6923        557.6923
