              0               0               0        1538.462
   1.995703e-07     0.000151192      -0.9662405        63.43125
   1.029082e-07    0.0005537314       0.2577951       -57.87853
      -293.7379       -257.0207
  -3.610124e-25    4.927898e-22               1        1538.462
  -6.947084e-11   -9.633107e-06      0.01977723        28.16728
  -5.610936e-09    6.104479e-06      0.01189382        -47.6614
       1538.462        2115.385
              0               0               0        2115.385
   3.131464e-07    7.894063e-05      -0.9917051        69.68084
   8.668047e-07    0.0005764526       0.1290192       -44.88176
      -269.6359       -235.9314
  -3.610124e-25    4.927898e-22               1        1538.462
   4.953132e-10   -1.185211e-05      0.01750551        63.43125
  -4.864543e-09    1.549976e-07      0.02405744       -57.87853
       1538.462        2115.385
