              0               0               0        1538.462
  -1.242003e-06    -9.35448e-05       0.9937734        28.57158
  -1.960434e-06    -0.000972225      -0.1101077        100.5466
       220.6869         257.468
  -3.610124e-25    4.927898e-22               1        1538.462
  -7.675997e-09    1.956736e-05     -0.03005714        64.93535
   4.765847e-09   -1.284715e-05     0.004752317        95.08391
       1538.462        2115.385
              0               0               0        2115.385
  -1.135592e-06    3.678901e-05       0.9996311        18.88467
  -2.573276e-06     -0.00105539      0.02109507        95.05463
       202.5785        236.3416
  -3.610124e-25    4.927898e-22               1        1538.462
  -8.200946e-09    2.110934e-05     -0.02623951        28.57158
   2.706058e-09    -5.23065e-06    -0.007402457        100.5466
       1538.462        2115.385
