              0               0               0        307.6923
   1.067595e-05     0.003993986       0.3138454       -83.86795
   -2.29421e-05    -0.001205967       0.9490587        60.69021
       33.93556        50.90333
  -1.867855e-21    6.194539e-19               1        307.6923
  -4.210436e-07    9.716395e-05      0.01498478       -77.34064
  -1.411256e-06    0.0003240966      0.06831383        76.33435
       307.6923        557.6923
              0               0               0        557.6923
  -2.173959e-05     0.005001366        0.302193       -80.07622
  -1.155006e-05     -0.00152311       0.9529545        76.90989
       31.77228        47.65841
  -1.867855e-21    6.194539e-19               1        307.6923
  -4.485809e-07    0.0001133183      0.01487362       -83.86795
  -1.559505e-06    0.0003519767      0.07435358        60.69021
       307.6923        557.6923
