              0               0               0       -3269.231
   2.717044e-08   -1.424907e-05      -0.9856229       -217.6039
   1.100347e-07   -8.287183e-05       0.1689718       -2.070555
       962.3269        989.8007
   5.379818e-28   -1.960258e-25               1       -3269.231
  -3.435667e-09   -7.959845e-07     -0.04678124        -244.693
   1.681288e-09    -2.84651e-05    -0.005381161        2.511488
      -3269.231       -2692.308
              0               0               0       -2692.308
   3.656648e-08   -1.012559e-05      -0.9905222       -242.4032
   2.077123e-07   -7.254053e-05       0.1373713       -13.87064
       1067.893        1098.378
   5.379818e-28   -1.960258e-25               1       -3269.231
  -2.477104e-09   -1.011593e-06     -0.04157729       -217.6039
   4.815015e-09   -3.004619e-05    -0.004721775       -2.070555
      -3269.231       -2692.308
