              0               0               0        4423.077
   3.553358e-07    0.0001229282       0.9839662         226.524
   4.061446e-06    0.0006854402      -0.1782373        39.58045
       346.9086        368.5904
  -1.362311e-27    6.195073e-40               1        4423.077
   1.879249e-10    6.263561e-08     -0.05538939        247.9196
   8.291193e-11    -1.66156e-06     0.003537976        36.07957
       4423.077            5000
              0               0               0            5000
   3.502102e-07    0.0001292652       0.9864235        197.5602
   5.828515e-06    0.0007773518      -0.1642161        40.34024
       298.6719        317.3389
  -1.362311e-27    6.195073e-40               1        4423.077
   3.081827e-10    1.315759e-07     -0.05038242         226.524
    3.56337e-10   -1.404658e-06     0.002008732        39.58045
       4423.077            5000
