              0               0               0        4423.077
   3.026256e-06   -0.0002874844      -0.9900158        100.7566
   -4.19743e-06     0.001973246      -0.1395817          -11.67
      -216.4849       -194.8364
  -1.362311e-27    6.195073e-40               1        4423.077
   1.174502e-09   -2.735432e-09     -0.01401522        79.22023
  -2.013286e-08   -7.488153e-06      0.02221784       -13.80954
       4423.077            5000
              0               0               0            5000
   4.095501e-06   -0.0003578355      -0.9881394        89.87597
  -5.971434e-06     0.002255864      -0.1521462       -5.259008
       -186.401       -167.7609
  -1.362311e-27    6.195073e-40               1        4423.077
   2.049885e-09    3.244722e-07     -0.01972926        100.7566
  -2.606082e-08    -9.74033e-06       0.0254059          -11.67
       4423.077            5000
