              0               0               0               0
   2.771556e-05    -0.005469743    -0.001055386        128.3486
   1.257665e-05     4.32588e-05      -0.9997058        27.37286
       340.8824        357.9282
   8.523301e-22   -1.673124e-19               1               0
  -3.832543e-07    9.481756e-05     0.006082298        126.8786
   7.774722e-07   -0.0002295132    -0.002761748        10.40701
              0        307.6923
              0               0               0        307.6923
   1.120651e-06    -0.004515898     -0.02172963        128.2264
   1.431148e-05    8.316841e-05       -1.000092        27.35486
       -339.415       -322.4443
   8.523301e-22   -1.673124e-19               1               0
  -3.902953e-07    0.0001012086     0.005412623        128.3486
   8.505879e-07   -0.0002443135    -0.005414149        27.37286
              0        307.6923
