              0               0               0        307.6923
  -1.163834e-05    -0.001919261       0.8892556        68.09175
  -6.690793e-08    -0.003654718      -0.4566175        123.1174
       220.5811        237.5489
  -1.867855e-21    6.194539e-19               1        307.6923
   5.122367e-07   -0.0001580099     -0.02472214        82.57103
  -1.262796e-06    0.0003620102      0.05156235        114.3171
       307.6923        557.6923
              0               0               0        557.6923
  -2.288508e-05    -0.002338163       0.8909013        61.04742
  -2.112632e-06    -0.004532619      -0.4550825         138.484
       206.5198        222.4059
  -1.867855e-21    6.194539e-19               1        307.6923
   4.250115e-07   -0.0001382474     -0.02017872        68.09175
  -1.218711e-06     0.000350628      0.04997876        123.1174
       307.6923        557.6923
