              0               0               0        1173.077
   3.533524e-08   -7.448462e-06      -0.9971558        285.0499
   4.238707e-07   -9.904484e-05      0.07528044       -75.98701
      -504.4503       -470.8203
   2.578164e-24   -2.333275e-21               1        1173.077
   6.325934e-07   -0.0007127091       0.2591581        251.5084
  -9.872251e-07     0.001040427      -0.2703708       -73.55122
       1173.077        1538.462
              0               0               0        1538.462
   -4.99446e-09   -3.522953e-06      -0.9981023         318.561
  -1.372805e-07   -5.774555e-05      0.06161078       -83.77274
      -550.7586       -514.0414
   2.578164e-24   -2.333275e-21               1        1173.077
   7.319234e-07   -0.0008221993       0.2944176        285.0499
    -1.0871e-06     0.001142927      -0.2937821       -75.98701
       1173.077        1538.462
