              0               0               0        4423.077
   1.067635e-06    3.283156e-05      -0.9992308        35.94001
   3.740531e-07    0.0009895175      0.04017071       -14.01767
      -151.5395        -129.891
  -1.362311e-27    6.195073e-40               1        4423.077
   4.760262e-11    -3.95709e-07     0.002207355        14.33439
  -9.165245e-09   -3.155927e-06        0.014471       -12.68049
       4423.077            5000
              0               0               0            5000
   9.751606e-07    3.143284e-05      -0.9996155        34.10099
  -4.714345e-06      0.00124262      0.02772385       -8.060193
      -130.4807       -111.8406
  -1.362311e-27    6.195073e-40               1        4423.077
   3.114779e-10   -3.117039e-07     -0.00311148        35.94001
  -1.217954e-08   -4.407244e-06      0.01692277       -14.01767
       4423.077            5000
