              0               0               0       -2115.385
  -1.188836e-06    0.0001923842       0.9896362       -46.77952
   5.212529e-07    -0.001362096       0.1434369        90.93516
       402.6564        436.2111
   7.503431e-27   -2.744361e-24               1       -2115.385
  -7.892577e-08    2.023282e-05    -0.005902602       -13.40088
   -2.32234e-08    2.798239e-06     0.007945833        94.23423
      -2115.385       -1538.462
              0               0               0       -1538.462
   -1.28622e-06    0.0003484973       0.9638554       -60.90493
   1.001606e-06    -0.001272681       0.2663967        87.19653
       439.1577        475.7542
   7.503431e-27   -2.744361e-24               1       -2115.385
  -8.747808e-08    2.440681e-05    -0.009448663       -46.77952
  -4.476428e-08    6.352153e-06      0.00475435        90.93516
      -2115.385       -1538.462
