              0               0               0        557.6923
  -2.288508e-05    -0.002338163       0.8909013        61.04742
  -2.112632e-06    -0.004532619      -0.4550825         138.484
       206.5198        222.4059
   2.146718e-21   -7.814377e-19               1        557.6923
   1.885824e-06    0.0002261676    -0.007682717        74.51857
  -1.570656e-06   -0.0005850865    -0.004206742        130.1021
       557.6923        711.5385
              0               0               0        711.5385
  -1.360366e-05    -0.001586536       0.9161837        70.63397
   -1.40255e-08     -0.00364616      -0.4020805        117.6981
        219.057        235.9076
   2.146718e-21   -7.814377e-19               1        557.6923
   1.865523e-06    0.0001805113    -0.009612747        61.04742
   -1.91034e-06   -0.0005634051    -0.003215507         138.484
       557.6923        711.5385
