              0               0               0       -2115.385
  -1.019685e-08   -2.993183e-06      -0.9962056       -164.7567
  -3.144385e-07   -1.952118e-05      0.08674559       -43.96643
       1073.099        1106.599
   7.503431e-27   -2.744361e-24               1       -2115.385
  -5.598722e-08    3.358206e-05     -0.01546204       -198.1338
  -1.395847e-07    2.127339e-05     -0.02691128       -41.09415
      -2115.385       -1538.462
              0               0               0       -1538.462
   1.493351e-08    1.582473e-07      -0.9992403       -170.1113
   -1.21322e-07   -2.599667e-05     -0.03849254        -74.8954
       1170.469        1207.014
   7.503431e-27   -2.744361e-24               1       -2115.385
  -4.413631e-08    2.907513e-05     -0.01136501       -164.7567
  -1.210801e-07    1.918752e-05     -0.02437962       -43.96643
      -2115.385       -1538.462
