              0               0               0        1538.462
  -1.332531e-07    0.0002066454      -0.9403846       -6.624601
   1.457783e-07     0.000543284       0.3395698       -35.93555
      -220.3034       -183.5862
  -3.610124e-25    4.927898e-22               1        1538.462
  -1.136722e-09   -4.710701e-06      0.02285979       -40.88093
  -7.602243e-09    1.812389e-05     -0.01266855       -22.72784
       1538.462        2115.385
              0               0               0        2115.385
   -1.34666e-07    0.0001428195      -0.9767751         3.28584
   4.156689e-07    0.0006007199       0.2134614         -33.357
      -202.2269       -168.5224
  -3.610124e-25    4.927898e-22               1        1538.462
  -6.468804e-10   -7.215751e-06      0.02155634       -6.624601
  -6.723977e-09     1.22971e-05   -0.0003869805       -35.93555
       1538.462        2115.385
