              0               0               0        2692.308
   -2.05199e-06    0.0002967895       0.9768614       -45.79557
  -2.506553e-06    -0.000710554       0.2014995        79.71943
       122.9573        153.6966
  -2.588391e-26    3.536769e-23               1        2692.308
   3.510228e-11    2.959467e-06     0.001288991       -15.54667
  -2.866455e-09    2.678149e-06     -0.01224997        85.16918
       2692.308        3269.231
              0               0               0        3269.231
  -2.733717e-06    0.0003698784       0.9696064       -40.91477
  -1.963862e-06    -0.000832889       0.2337657        72.64469
       110.8802        138.6002
  -2.588391e-26    3.536769e-23               1        2692.308
   2.718669e-10     2.55979e-06      0.00689277       -45.79557
  -3.565536e-09    4.405896e-06       -0.013618        79.71943
       2692.308        3269.231
