              0               0               0       -4423.077
   -0.001037148     0.009928835        1.032352         127.434
   5.922416e-05    -0.006403497      -0.4957935        38.23493
       408.1726        429.6553
   2.831483e-29     1.28761e-41               1       -4423.077
   1.142238e-10   -2.087842e-08       0.0303099        143.9112
   1.760702e-10    9.859148e-07     0.002492257        25.21582
      -4423.077       -3846.154
              0               0               0       -3846.154
  -0.0007849688     0.008598941        1.041668        142.2747
   2.393555e-05    -0.005273465      -0.4667604        41.25701
       465.2874        489.7762
   2.831483e-29     1.28761e-41               1       -4423.077
   5.650875e-10   -3.837458e-07      0.02575723         127.434
    1.70834e-09    3.960187e-07     0.004441205        38.23493
      -4423.077       -3846.154
