              0               0               0        307.6923
   1.919134e-06    -0.001751672      -0.8910776        68.20094
   3.049416e-05     0.003380594      -0.4540419       -68.45472
      -220.6198        -203.649
  -1.867855e-21    6.194539e-19               1        307.6923
  -6.753556e-07    0.0001591871      0.01440446        52.58357
   8.054915e-07   -0.0002331448     -0.03864489       -75.03747
       307.6923        557.6923
              0               0               0        557.6923
     1.8324e-05    -0.003174026      -0.8163627        72.77614
   8.133203e-06     0.004432438      -0.5763954       -77.10303
      -256.3914        -236.669
  -1.867855e-21    6.194539e-19               1        307.6923
  -8.645943e-07    0.0001999089      0.02236069        68.20094
    4.56762e-07   -0.0001489417     -0.02590543       -68.45472
       307.6923        557.6923
