              0               0               0       -2115.385
   3.713783e-07   -8.819907e-05       0.9383503       -237.4704
   -1.04863e-06    0.0002376004        0.345693        27.74743
       201.3282        234.8829
   7.503431e-27   -2.744361e-24               1       -2115.385
   -1.06834e-07     4.14186e-05     -0.02333039       -206.0696
  -1.543504e-07    2.573445e-05      -0.0149725        39.57496
      -2115.385       -1538.462
              0               0               0       -1538.462
   3.902353e-07   -0.0001051972       0.8877467       -258.6249
  -7.741924e-07    0.0002014279       0.4603377       -7.214981
       219.5789        256.1753
   7.503431e-27   -2.744361e-24               1       -2115.385
  -1.097815e-07    4.468861e-05     -0.02591004       -237.4704
  -1.751756e-07    2.928158e-05     -0.01918923        27.74743
      -2115.385       -1538.462
