              0               0               0        2692.308
   3.584573e-07    1.732442e-05       -1.000018        100.0349
  -5.222015e-06     0.001181324     0.006985572         -36.505
      -276.1726       -245.4867
  -2.588391e-26    3.536769e-23               1        2692.308
   1.337011e-09   -3.252972e-06    -0.003895307         69.3752
  -1.040233e-08    1.859044e-06      0.01568353       -35.32917
       2692.308        3269.231
              0               0               0        3269.231
   6.491454e-07   -2.535948e-05      -0.9996344        93.97645
  -5.392077e-06     0.001269576     -0.02769363       -27.75148
      -249.1108       -221.4319
  -2.588391e-26    3.536769e-23               1        2692.308
   1.662972e-09   -3.406975e-06    -0.009089292        100.0349
  -1.314821e-08    1.456385e-06      0.01870879         -36.505
       2692.308        3269.231
