              0               0               0        307.6923
   -2.46128e-05     0.004537427       0.4586045       -77.34064
  -1.086758e-07    -0.002373796        0.888318        76.33435
       50.90333        67.87111
  -1.867855e-21    6.194539e-19               1        307.6923
  -3.584468e-07    7.282396e-05      0.01359265       -68.37303
  -1.289804e-06    0.0003034812      0.06291797        90.72318
       307.6923        557.6923
              0               0               0        557.6923
    3.01791e-06     0.003965291       0.4446385       -74.10051
  -1.463705e-05    -0.002073568       0.8958172        91.61797
       47.65841        63.54455
  -1.867855e-21    6.194539e-19               1        307.6923
  -4.210436e-07    9.716395e-05      0.01498478       -77.34064
  -1.411256e-06    0.0003240966      0.06831383        76.33435
       307.6923        557.6923
