              0               0               0       -865.3846
  -0.0001819583     0.008043712       -1.006204        155.3172
  -0.0001340036      0.00977648       -0.542573        13.48994
       448.9069         470.257
   1.194898e-23   -1.163587e-21               1       -865.3846
   1.255708e-07    0.0002188195      -0.1087417        135.7304
    2.71494e-06   -0.0002410411     -0.09556367        5.058224
      -865.3846       -711.5385
              0               0               0       -711.5385
  -6.019124e-05    -0.001255285      -0.4759047        133.2425
   -2.87606e-05     0.003512779      -0.9073898        8.883545
       350.7673        367.5151
   1.194898e-23   -1.163587e-21               1       -865.3846
    7.31722e-07   -6.061589e-06       -0.159872        155.3172
   1.386453e-06    0.0001906366     -0.09208574        13.48994
      -865.3846       -711.5385
