              0               0               0               0
   9.546267e-06     0.003650204      -0.5923961       -68.44801
  -1.110374e-05     0.002714676       0.8056659       -36.29635
       613.6139        630.6596
   8.523301e-22   -1.673124e-19               1               0
  -7.899917e-09   -7.288278e-05      0.02364631       -77.43796
   1.429202e-07    6.416759e-05     -0.03237223       -21.82942
              0        307.6923
              0               0               0        307.6923
   5.837269e-06     0.003761368       -0.594435       -68.31627
  -1.392176e-05     0.002822478       0.8037422       -35.93667
      -67.88301       -50.91226
   8.523301e-22   -1.673124e-19               1               0
   -8.96704e-08   -5.965351e-05       0.0272726       -68.44801
   1.047998e-08    8.871155e-05      -0.0271191       -36.29635
              0        307.6923
