              0               0               0       -3269.231
   3.669179e-05    -0.002715918      -0.9075147        134.5598
    5.99122e-06    0.0007475684      -0.3228235       0.1212853
       605.1663        632.6402
   5.379818e-28   -1.960258e-25               1       -3269.231
   1.617504e-09    1.200424e-06      0.01779587        108.3377
   5.829942e-09   -6.377568e-07    -0.002750083       -8.059411
      -3269.231       -2692.308
              0               0               0       -2692.308
   2.930603e-05    -0.002449952      -0.8971899        148.1113
   6.359684e-06    0.0005815053      -0.3512148        1.247178
       671.5986        702.0828
   5.379818e-28   -1.960258e-25               1       -3269.231
   1.594265e-09    1.045648e-06       0.0223555        134.5598
   7.102162e-09    2.699313e-07   -0.0005680669       0.1212853
      -3269.231       -2692.308
