              0               0               0        1019.231
  -3.062578e-08    4.931409e-06        -0.99639        173.0612
   6.780275e-07   -6.046299e-05     -0.08500233       -22.95318
      -344.7106       -318.1944
  -3.664376e-23    1.457923e-20               1        1019.231
  -8.225462e-07   -0.0001149429       0.2825695        146.6436
    2.84068e-06   -0.0004768909      -0.2785898       -25.23699
       1019.231        1173.077
              0               0               0        1173.077
  -3.608541e-09   -2.459638e-06      -0.9977502        217.9574
  -2.371053e-07   -3.265593e-05      0.06706591       -71.24995
      -437.1903       -403.5603
  -3.664376e-23    1.457923e-20               1        1019.231
  -1.053912e-06   -0.0001170119        0.334772        173.0612
   3.255765e-06   -0.0005658245      -0.3039386       -22.95318
       1019.231        1173.077
