              0               0               0        711.5385
   1.645293e-05     0.001041584      -0.9661883       -9.868319
   5.804707e-06     0.003949504       0.2597246       -69.11167
      -134.9467       -118.0783
  -5.749011e-22    2.093553e-19               1        711.5385
  -2.599497e-06      0.00055922       0.1597407       -25.79096
  -7.007554e-06     0.001394392       0.2423373       -63.57889
       711.5385        865.3846
              0               0               0        865.3846
    1.38337e-06    2.575749e-05      -0.9997738        22.12246
  -2.469526e-07     0.001432892      0.01921345       -19.73428
      -156.7384       -137.1461
  -5.749011e-22    2.093553e-19               1        711.5385
  -2.849282e-06    0.0007315601        0.162831       -9.868319
  -7.608275e-06     0.001440743       0.2793777       -69.11167
       711.5385        865.3846
