              0               0               0       -2115.385
   3.620752e-07    -0.000124647       0.9454923       -269.0695
  -1.223405e-06    0.0003607534       0.3256154        16.46154
       167.7735        201.3282
   7.503431e-27   -2.744361e-24               1       -2115.385
  -1.097815e-07    4.468861e-05     -0.02591004       -237.4704
  -1.751756e-07    2.928158e-05     -0.01918923        27.74743
      -2115.385       -1538.462
              0               0               0       -1538.462
   4.677001e-07   -0.0001565457       0.8973256       -291.2772
  -1.054334e-06    0.0003171827       0.4413584       -23.74027
       182.9824        219.5789
   7.503431e-27   -2.744361e-24               1       -2115.385
  -1.133427e-07     4.81256e-05     -0.02853309       -269.0695
  -1.950819e-07      3.2417e-05     -0.02345415        16.46154
      -2115.385       -1538.462
