              0               0               0       -1538.462
   1.445059e-06   -0.0003370804       0.9575668       -426.5899
  -5.803283e-06      0.00114271       0.2842728       -79.11525
       36.59648        73.19295
  -5.358563e-26    1.024235e-23               1       -1538.462
   1.568554e-06   -0.0001625303     -0.09670635       -391.9269
    2.32285e-06   -0.0003956049      -0.2408518       -67.46587
      -1538.462       -1173.077
              0               0               0       -1173.077
   1.835035e-06   -0.0004211588       0.9332997       -405.4659
  -5.589368e-06     0.001110611       0.3560327       -108.9162
       35.87063        71.74126
  -5.358563e-26    1.024235e-23               1       -1538.462
   1.667622e-06   -0.0001711026      -0.1023062       -426.5899
   2.491662e-06   -0.0004228751      -0.2597001       -79.11525
      -1538.462       -1173.077
