              0               0               0        1538.462
  -3.784091e-06    0.0004329997      -0.9028016       -74.50475
   3.311843e-06    0.0006346223       0.4238943       -7.985351
       -146.869       -110.1517
  -3.610124e-25    4.927898e-22               1        1538.462
   -1.88002e-09     5.60936e-07      0.02390286       -107.2567
  -9.542745e-09    2.947604e-05     -0.03724669        8.598384
       1538.462        2115.385
              0               0               0        2115.385
    -5.3207e-06    0.0003857015      -0.9502521       -61.84757
   2.499181e-06    0.0007641071       0.3027893       -16.08078
       -134.818       -101.1135
  -3.610124e-25    4.927898e-22               1        1538.462
  -1.646913e-09    -1.99898e-06      0.02364054       -74.50475
  -8.754169e-09    2.412858e-05     -0.02503866       -7.985351
       1538.462        2115.385
