              0               0               0       -1019.231
   1.375759e-06   -0.0004259666       0.9992919       -343.8041
  -9.588707e-06     0.002339802       0.0920121       -25.10282
              0        28.31869
   -3.17765e-24    3.030207e-22               1       -1019.231
   3.557381e-06   -0.0005416907       0.6121353       -315.8158
   3.713822e-06    -0.001822893       0.5039194       -20.83852
      -1019.231       -865.3846
              0               0               0       -865.3846
  -2.579052e-07   -8.142329e-05        1.001703       -242.8831
  -1.567131e-05     0.003021552     -0.05658426        27.04726
              0        21.37784
   -3.17765e-24    3.030207e-22               1       -1019.231
   4.378091e-06   -0.0006289504       0.6491242       -343.8041
   1.937566e-06    -0.001753535       0.5628905       -25.10282
      -1019.231       -865.3846
