              0               0               0        4423.077
   4.218099e-07    5.436912e-06       -1.000059        57.58296
   3.068045e-07    0.0009695919    -0.002241058       -14.42667
       -173.188       -151.5395
  -1.362311e-27    6.195073e-40               1        4423.077
   3.114779e-10   -3.117039e-07     -0.00311148        35.94001
  -1.217954e-08   -4.407244e-06      0.01692277       -14.01767
       4423.077            5000
              0               0               0            5000
   8.449794e-07   -1.581866e-05      -0.9999065        52.73937
    1.59131e-06     0.001153633     -0.01694254       -8.155523
      -149.1208       -130.4807
  -1.362311e-27    6.195073e-40               1        4423.077
   6.667205e-10   -1.865995e-07    -0.008509812        57.58296
  -1.573165e-08   -5.823071e-06      0.01946558       -14.42667
       4423.077            5000
