              0               0               0        711.5385
  -7.917885e-06      0.00107517        0.960183       -11.70521
  -1.290793e-05    -0.003799743       0.2815333         123.492
       134.8043        151.6549
  -5.749011e-22    2.093553e-19               1        711.5385
  -2.489544e-06    0.0009788962       0.1366717        4.741792
   7.555471e-06    -0.001375787      -0.2966696        127.0953
       711.5385        865.3846
              0               0               0        865.3846
  -3.683022e-06    3.582575e-05       0.9996764        20.29709
   8.302531e-06    -0.002703033      0.01846619        77.01639
       156.7624        176.3577
  -5.749011e-22    2.093553e-19               1        711.5385
   -2.67401e-06     0.000954737       0.1244225       -11.70521
   7.161783e-06    -0.001245324       -0.280013         123.492
       711.5385        865.3846
