              0               0               0           -5000
   7.837369e-07   -0.0001639418       0.9916841       -175.1736
  -7.621184e-06     0.001156024       0.1291447        37.59931
        55.3943        73.85907
   2.831483e-29   -4.900644e-26               1           -5000
  -2.389795e-10    2.789175e-07     -0.05025453       -156.9134
  -8.894472e-10    4.020563e-08    -0.000869847         40.3301
          -5000       -4423.077
              0               0               0       -4423.077
   6.443123e-07   -0.0001564931       0.9899415       -207.0603
   -6.62107e-06     0.001056538       0.1414155         36.2109
        64.4483        85.93106
   2.831483e-29   -4.900644e-26               1           -5000
   -3.49363e-10    5.362305e-07     -0.05546326       -175.1736
  -6.708601e-10   -5.835801e-07    -0.001846604        37.59931
          -5000       -4423.077
