              0               0               0       -2115.385
  -5.652176e-07   -8.731298e-06      -0.9947541        -398.485
  -7.282806e-06   -0.0001727313       0.1007867       -25.06583
       1307.602        1341.102
   7.503431e-27   -2.744361e-24               1       -2115.385
  -1.452816e-07    6.805359e-05     -0.04345208       -431.8408
  -2.849266e-07    4.386294e-05      -0.0440847        -22.1571
      -2115.385       -1538.462
              0               0               0       -1538.462
   3.039206e-07    1.266958e-05      -0.9995464       -425.6591
  -6.213013e-06   -0.0001648382     -0.02419446       -86.29618
       1426.284        1462.829
   7.503431e-27   -2.744361e-24               1       -2115.385
  -1.312276e-07    6.261092e-05     -0.03954555        -398.485
  -2.626784e-07    3.981222e-05     -0.04167127       -25.06583
      -2115.385       -1538.462
