              0               0               0        2115.385
  -1.025536e-07    8.931018e-05      -0.9973759        103.1994
   -5.29131e-06     0.001111475      0.07212847       -48.37285
      -303.3404       -269.6359
   9.672408e-26   -1.320394e-22               1        2115.385
   4.473077e-09   -1.099484e-05     0.004324582        69.68084
   5.849103e-09   -8.264404e-06      0.01937893       -44.88176
       2115.385        2692.308
              0               0               0        2692.308
   3.584573e-07    1.732442e-05       -1.000018        100.0349
  -5.222015e-06     0.001181324     0.006985572         -36.505
      -276.1726       -245.4867
   9.672408e-26   -1.320394e-22               1        2115.385
   4.923417e-09   -1.192827e-05    -0.000242033        103.1994
   8.119111e-09   -1.259592e-05      0.02513545       -48.37285
       2115.385        2692.308
