              0               0               0        1173.077
  -3.922003e-08    1.284099e-06      -0.9967687         352.099
  -4.428382e-07     1.33264e-05      0.08027187       -81.30296
      -571.7104       -538.0804
   2.578164e-24   -2.333275e-21               1        1173.077
   8.318671e-07   -0.0009321961       0.3297912        318.5776
  -1.190257e-06     0.001248267      -0.3177252       -78.60519
       1173.077        1538.462
              0               0               0        1538.462
  -4.050745e-08    1.056242e-06      -0.9977616        391.8395
  -4.203694e-07   -7.323107e-07      0.06721204         -88.554
      -624.1931       -587.4758
   2.578164e-24   -2.333275e-21               1        1173.077
    9.34104e-07     -0.00104422        0.365597         352.099
  -1.293863e-06     0.001354159      -0.3418953       -81.30296
       1173.077        1538.462
