              0               0               0       -3269.231
  -1.327787e-06   -6.436291e-05        0.999219       -2.329666
   3.514851e-06    -0.001591445     -0.03989892        84.53718
       357.6421         385.153
   5.379818e-28   -1.960258e-25               1       -3269.231
  -5.044558e-09   -5.101783e-07   -0.0002152538        25.08341
   1.823025e-09   -2.267211e-06      0.01129559        82.30822
      -3269.231       -2692.308
              0               0               0       -2692.308
  -1.169864e-06   -1.277827e-05       0.9999482       -6.663967
   3.026589e-06    -0.001442927    -0.008954282        89.95265
       396.9096        427.4411
   5.379818e-28   -1.960258e-25               1       -3269.231
  -5.949525e-09    -1.39867e-07    -0.005451855       -2.329666
   -7.67624e-10    -1.54083e-06      0.01053126        84.53718
      -3269.231       -2692.308
