              0               0               0        3269.231
  -8.957056e-08    1.661759e-05      -0.9850398        230.7275
   4.931732e-07   -9.445286e-05      -0.1723095       -7.418622
      -387.5057       -359.8268
   6.811555e-27   -9.431384e-24               1        3269.231
  -6.667242e-09    3.727944e-06     -0.03128505        203.4734
   5.330066e-08   -4.140407e-05     0.003503574       -12.24988
       3269.231        3846.154
              0               0               0        3846.154
   1.434449e-07   -3.594535e-05      -0.9817245        209.7401
  -5.502224e-07    0.0001822207      -0.1902754       -9.161538
      -347.0369       -322.2485
   6.811555e-27   -9.431384e-24               1        3269.231
  -7.565248e-09    4.421231e-06     -0.03641078        230.7275
   5.447353e-08   -4.281058e-05     0.003546373       -7.418622
       3269.231        3846.154
