              0               0               0        557.6923
   1.707014e-05   -0.0009960669      -0.9810406        36.76222
   -1.01073e-05     0.005313099      -0.1903714       -92.45389
      -216.9466       -197.2242
   2.146718e-21   -7.814377e-19               1        557.6923
   2.471338e-06   -3.472471e-05     -0.01184658        17.15723
   2.270382e-06    0.0005118735     0.004371445       -94.21936
       557.6923        711.5385
              0               0               0        711.5385
   1.444121e-05   -0.0008016545      -0.9854441        40.29334
  -6.240239e-06     0.004496312      -0.1684371       -71.57245
      -185.5517       -168.6833
   2.146718e-21   -7.814377e-19               1        557.6923
   3.233314e-06   -0.0002007625      -0.0226893        36.76222
    2.55477e-06    0.0004775456     0.001792878       -92.45389
       557.6923        711.5385
