              0               0               0       -711.5385
   2.331761e-06      0.00156382       -0.882322       -55.74558
  -9.248981e-06     0.002955107       0.4705949       -41.25915
       568.4881        585.2358
  -4.461828e-23    4.351327e-21               1       -711.5385
   8.761849e-07    -0.001194005       0.3424154        -70.0729
   1.764162e-06     0.000406123      -0.3405783       -32.59232
      -711.5385       -557.6923
              0               0               0       -557.6923
   2.888861e-06     0.002932931      -0.8565841       -28.39242
  -2.310805e-05     0.004768567       0.5139673       -79.27897
       601.8343        619.3272
  -4.461828e-23    4.351327e-21               1       -711.5385
    2.40998e-07   -0.0009627885       0.3202127       -55.74558
   1.468963e-06     0.000539188      -0.3648492       -41.25915
      -711.5385       -557.6923
