              0               0               0        865.3846
  -3.142285e-06    0.0002536701       0.9750389        192.4729
    -1.2265e-05     0.001103797      -0.2217009        41.25217
       333.1202        352.7155
   1.528862e-22   -5.598364e-20               1        865.3846
   9.987559e-09   -4.021081e-05       0.6168365        211.6528
  -2.485126e-06   -0.0001291864      -0.1641437        37.23942
       865.3846        1019.231
              0               0               0        1019.231
  -5.597429e-07    0.0002193193       0.9646273        279.8713
   2.569758e-07    0.0007826574      -0.2636192        6.324366
       451.5085        478.0678
   1.528862e-22   -5.598364e-20               1        865.3846
  -5.289075e-07    0.0001758211       0.5535589        192.4729
  -3.553755e-06     0.000396034      -0.2038465        41.25217
       865.3846        1019.231
