              0               0               0        865.3846
   3.918407e-06    6.894797e-05       0.9813607        211.6528
   3.004887e-05    0.0003827882      -0.1925708        37.23942
       352.7155        372.3108
   1.528862e-22   -5.598364e-20               1        865.3846
   8.190484e-07   -0.0003509535       0.6893879        230.9388
  -1.318945e-06   -0.0007030351      -0.1147251        33.83901
       865.3846        1019.231
              0               0               0        1019.231
   9.565745e-07    0.0001747201       0.9750928        305.6354
   9.772502e-06    0.0008031327      -0.2215017      -0.1202823
       478.0678        504.6271
   1.528862e-22   -5.598364e-20               1        865.3846
   9.987559e-09   -4.021081e-05       0.6168365        211.6528
  -2.485126e-06   -0.0001291864      -0.1641437        37.23942
       865.3846        1019.231
