              0               0               0       -307.6923
   2.024644e-05     0.004793489      -0.1455944       -88.39733
  -9.060213e-06     0.000693542       0.9883367        10.09806
       673.9759         691.256
  -2.352002e-22    4.979552e-20               1       -307.6923
  -5.444915e-07    0.0003790804     -0.06591079        -89.3774
   5.058164e-07   -0.0004569091      0.09280392        27.33699
      -307.6923               0
              0               0               0               0
  -1.003872e-06     0.004375311      -0.1636017       -88.10736
  -1.403627e-05    0.0007245522       0.9866506        10.40996
       664.7511        681.7968
  -2.352002e-22    4.979552e-20               1       -307.6923
  -5.350089e-07    0.0003713152     -0.06265668       -88.39733
   5.217332e-07   -0.0004570921      0.09226253        10.09806
      -307.6923               0
