              0               0               0       -4423.077
  -5.513185e-05    0.0002505661       0.9555678        87.70569
   3.199339e-05    -0.001845175      -0.3279017         54.5277
        365.207        386.6898
   2.831483e-29     1.28761e-41               1       -4423.077
   9.544714e-10   -5.951555e-07      0.02055334         107.803
   2.787118e-09   -1.367737e-07      0.00550698         46.9491
      -4423.077       -3846.154
              0               0               0       -3846.154
  -4.184222e-05    0.0002851182       0.9607007        96.56294
   2.195076e-05    -0.001428584        -0.31165        58.78217
       416.3098        440.7986
   2.831483e-29     1.28761e-41               1       -4423.077
   1.068935e-09    -7.20617e-07      0.01541252        87.70569
   3.316023e-09    -5.44452e-07     0.006584801         54.5277
      -4423.077       -3846.154
