              0               0               0       -3269.231
   0.0006065153     -0.04405826      0.05161742        178.8784
   0.0001320957     -0.00310333      -0.6858267        29.77064
       550.2186        577.6924
   5.379818e-28   -1.960258e-25               1       -3269.231
   1.619356e-09    6.584068e-07      0.02661971        159.6185
   8.037239e-09    1.357215e-06     0.002144098        11.32523
      -3269.231       -2692.308
              0               0               0       -2692.308
   0.0004861604      -0.0394166      0.07155101         196.182
   0.0001249614    -0.004185934      -0.6828773        35.72422
       610.6301        641.1143
   5.379818e-28   -1.960258e-25               1       -3269.231
    1.96548e-09   -1.008065e-06       0.0299203        178.8784
    8.80142e-09    2.461165e-06      0.00597017        29.77064
      -3269.231       -2692.308
