              0               0               0       -2692.308
   8.894409e-07    2.216826e-06       0.9528135       -155.6201
  -2.776934e-06   -7.973867e-06       0.3035507        60.41406
        244.252        274.7836
  -2.010353e-27    7.350966e-25               1       -2692.308
     2.7095e-08   -1.188449e-05     -0.03155831       -126.5019
   2.082784e-08   -1.799409e-05    -0.006703858        69.59545
      -2692.308       -2115.385
              0               0               0       -2115.385
   7.881493e-07    5.596114e-06       0.9321685       -174.7761
  -2.011781e-06   -1.531684e-05       0.3620128        51.68413
       268.4376        301.9923
  -2.010353e-27    7.350966e-25               1       -2692.308
   2.890597e-08   -1.182257e-05     -0.03600406       -155.6201
   2.503545e-08   -2.135223e-05     -0.01114608        60.41406
      -2692.308       -2115.385
