              0               0               0        1019.231
  -1.132112e-08    5.012251e-06       -0.997474        252.3707
   2.992041e-07   -7.678567e-05     -0.07090501       -16.80284
      -424.2592        -397.743
  -3.664376e-23    1.457923e-20               1        1019.231
  -1.546216e-06   -0.0001085612       0.4376115        225.9248
   4.117493e-06   -0.0007574542      -0.3530857       -18.73138
       1019.231        1173.077
              0               0               0        1173.077
  -4.733518e-08   -2.672813e-06      -0.9968154        318.5776
  -6.709606e-07   -3.135158e-05      0.07966568       -78.60519
      -538.0804       -504.4503
  -3.664376e-23    1.457923e-20               1        1019.231
   -1.81088e-06   -9.640513e-05       0.4880376        252.3707
   4.565156e-06   -0.0008587278      -0.3776544       -16.80284
       1019.231        1173.077
