              0               0               0       -1173.077
   5.924766e-07   -0.0001331027       0.8510962       -246.6193
  -9.932059e-07    0.0002154276       0.5249871       -26.21809
       215.2238        251.0944
    7.61619e-25   -4.849574e-23               1       -1173.077
  -3.661544e-06     0.001187265       0.2991648       -216.2339
  -6.274957e-06      0.00124495        0.227277       -7.155121
      -1173.077       -1019.231
              0               0               0       -1019.231
   3.954363e-07   -0.0001043726       0.9244476       -181.5449
  -1.030196e-06    0.0002526972       0.3812824        23.45099
       169.9121        198.2308
    7.61619e-25   -4.849574e-23               1       -1173.077
  -3.755809e-06     0.001249812       0.3195999       -246.6193
  -6.884139e-06     0.001437103       0.2646945       -26.21809
      -1173.077       -1019.231
