              0               0               0       -307.6923
  -4.314504e-06    -0.003423192        0.703805          96.873
   1.541343e-05    -0.003398483      -0.7104565        105.4964
         259.24        276.5227
  -2.352002e-22    4.979552e-20               1       -307.6923
   2.978594e-07   -0.0001792318      0.02476173        107.9919
  -7.391739e-07    0.0004720284     -0.07914446        92.28228
      -307.6923               0
              0               0               0               0
  -1.283748e-05    -0.003165563       0.7083516        96.22894
   8.151755e-06    -0.003192683       -0.706289        104.0118
       255.6618         272.706
  -2.352002e-22    4.979552e-20               1       -307.6923
   3.278818e-07   -0.0002058242      0.03019529          96.873
  -7.293381e-07    0.0004698092      -0.0803318        105.4964
      -307.6923               0
