              0               0               0        557.6923
    3.65053e-05     0.004027241      -0.2354343       -81.95325
  -1.601774e-05     0.001096746       0.9731817       -13.26956
      -59.16726       -39.44484
   2.146718e-21   -7.814377e-19               1        557.6923
  -4.563207e-07     3.86397e-05     0.003742476       -84.75004
   3.459147e-06   -0.0007319994     -0.04983676        6.227657
       557.6923        711.5385
              0               0               0        711.5385
   1.008779e-05      0.00391099      -0.5453004       -76.88428
   -1.83553e-05     0.002593678       0.8392282       -20.97536
        -50.605       -33.73667
   2.146718e-21   -7.814377e-19               1        557.6923
  -4.902284e-07    0.0002180123      0.01101094       -81.95325
   3.473773e-06   -0.0005671439     -0.04505424       -13.26956
       557.6923        711.5385
