              0               0               0        2692.308
   -1.68958e-06   -0.0001325748       0.9962806        76.37009
   6.946411e-07    -0.001589467     -0.08533774          89.094
       245.9146        276.6539
  -2.588391e-26    3.536769e-23               1        2692.308
  -3.535284e-10    3.160733e-06     -0.01962585        106.8207
   1.882114e-09    -4.79347e-06    -0.003095726        84.98905
       2692.308        3269.231
              0               0               0        3269.231
  -2.235627e-06   -8.503913e-05       0.9986798        68.91179
  -4.172294e-07    -0.001720742      -0.0521977        84.74703
       221.7603        249.4803
  -2.588391e-26    3.536769e-23               1        2692.308
  -3.967648e-10    3.345503e-06     -0.01472577        76.37009
   6.378869e-10   -3.009306e-06    -0.006010912          89.094
       2692.308        3269.231
