              0               0               0        557.6923
   1.554278e-05     0.004260622       0.1550557       -83.67702
  -1.672996e-05   -0.0007257869       0.9886808        61.45381
       15.88614        31.77228
   2.146718e-21   -7.814377e-19               1        557.6923
   5.795027e-07   -0.0002231174     -0.01257614       -80.07622
   2.096717e-06    -0.000817652     -0.04206522        76.90989
       557.6923        711.5385
              0               0               0        711.5385
   5.058327e-05     0.002312925       0.2737981       -90.69414
  -1.181237e-05    -0.001274549       0.9688533        42.81316
       16.85054        33.70108
   2.146718e-21   -7.814377e-19               1        557.6923
   -2.45048e-07   -0.0002114211    -0.007284959       -83.67702
   2.973915e-06   -0.0009120158     -0.05124265        61.45381
       557.6923        711.5385
