              0               0               0        3269.231
   2.645811e-07    8.506225e-05        0.991061        339.0536
    1.08598e-05    0.0006803753      -0.1334721        24.60622
       498.9607        526.6807
   6.811555e-27   -9.431384e-24               1        3269.231
   4.574904e-10   -8.279792e-07     -0.06505032        366.5968
   5.364914e-09   -1.109435e-05      0.01547053        21.66049
       3269.231        3846.154
              0               0               0        3846.154
   6.353586e-08    8.664928e-05       0.9931875        304.3098
   1.167516e-05    0.0008557642       -0.115687        30.08197
       444.3227        469.0073
   6.811555e-27   -9.431384e-24               1        3269.231
   2.454313e-10   -5.688845e-07     -0.05997592        339.0536
   4.929774e-09   -1.025955e-05      0.01376944        24.60622
       3269.231        3846.154
