              0               0               0       -3269.231
  -1.181721e-06    9.180825e-05      -0.9859176       -109.4223
   -6.06074e-06    0.0004775998       0.1679885       -21.39976
       852.4313        879.9052
   5.379818e-28   -1.960258e-25               1       -3269.231
  -6.151486e-10   -3.109504e-07     -0.02637247       -136.4645
   9.039768e-09   -2.803478e-05    -0.004980388       -16.54964
      -3269.231       -2692.308
              0               0               0       -2692.308
  -8.443127e-07     7.29003e-05      -0.9910249       -121.7342
  -5.257871e-06    0.0004617139        0.134693       -31.40433
       945.9565        976.4407
   5.379818e-28   -1.960258e-25               1       -3269.231
  -3.421784e-10    3.664946e-07     -0.02143819       -109.4223
   8.576104e-09   -2.491895e-05    -0.005819422       -21.39976
      -3269.231       -2692.308
