              0               0               0       -3269.231
   2.415436e-07   -0.0001037828        0.972037       -217.0186
  -1.337724e-06    0.0004262173       0.2348225        40.70283
       137.5546        165.0656
   5.379818e-28   -1.960258e-25               1       -3269.231
  -8.082485e-09    2.247653e-06     -0.03944105       -190.3505
  -1.557323e-08   -9.426194e-07     -0.00335061        47.45774
      -3269.231       -2692.308
              0               0               0       -2692.308
   4.314111e-07   -0.0001172675       0.9639018       -243.2412
  -1.835459e-06    0.0004242137        0.266197        33.74993
       152.6575         183.189
   5.379818e-28   -1.960258e-25               1       -3269.231
  -8.407095e-09    2.726294e-06     -0.04422712       -217.0186
  -1.691368e-08   -1.695908e-06    -0.005443718        40.70283
      -3269.231       -2692.308
