              0               0               0       -4423.077
  -4.237345e-06   -0.0002343301       0.9770206        46.33753
   4.481306e-06     -0.00130389      -0.2166378        66.05938
       322.2415        343.7243
   2.831483e-29     1.28761e-41               1       -4423.077
   9.581731e-10   -7.314117e-07      0.01030586        67.17648
   3.203428e-09   -6.717801e-07     0.007656874        60.84807
      -4423.077       -3846.154
              0               0               0       -3846.154
  -3.685959e-06   -0.0001683757       0.9793514        49.23468
   1.401798e-06    -0.001033026      -0.2058169        71.29617
       367.3321        391.8209
   2.831483e-29     1.28761e-41               1       -4423.077
   8.320934e-10   -7.354905e-07     0.005169088        46.33753
   2.984443e-09   -7.887495e-07     0.008538809        66.05938
      -4423.077       -3846.154
